2017072500 1 127 1289 1002      13
2017072506 1 133 1285 1002      13
2017072512 1 140 1284 1002      13
2017072518 1 147 1283 1002      13
2017072600 1 154 1281 1000      15
2017072606 2 161 1279  998      18
2017072612 2 166 1278  995      20
2017072618 2 171 1277  992      23
2017072700 3 175 1276  990      25
2017072706 3 180 1274  990      25
2017072712 3 187 1271  985      28
2017072718 3 194 1264  985      28
2017072800 3 200 1255  980      30
2017072806 3 205 1248  980      30
2017072812 4 210 1243  975      33
2017072815 4 214 1239  970      35
2017072818 4 217 1236  965      38
2017072821 4 221 1234  960      40
2017072900 4 225 1233  960      40
2017072903 4 229 1231  960      40
2017072906 4 234 1228  960      40
2017072909 4 239 1225  960      40
2017072912 4 247 1218  965      38
2017072915 4 247 1208  975      33
2017072918 4 251 1203  975      33
2017072921 4 254 1198  975      33
2017073000 3 257 1193  982      28
2017073006 1 261 1181  990      15
2017073012 1 258 1175  992      13
2017073018 1 254 1169  992      13
2017073100 0 248 1166  994      10