2017071918 1 264 1612 1008      13
2017072000 1 268 1606 1008      13
2017072006 1 271 1600 1008      13
2017072012 1 273 1591 1006      15
2017072018 1 276 1583 1006      15
2017072100 2 280 1577 1004      18
2017072106 2 282 1569 1004      18
2017072112 2 284 1557 1004      18
2017072118 2 286 1547 1004      18
2017072200 2 287 1538  998      20
2017072206 2 287 1532  998      20
2017072212 2 286 1525  992      23
2017072218 3 285 1519  990      25
2017072300 3 283 1513  985      28
2017072306 3 282 1512  980      30
2017072312 4 281 1514  975      33
2017072318 4 275 1517  975      33
2017072400 4 271 1523  965      38
2017072406 4 268 1529  960      40
2017072412 4 263 1542  960      40
2017072418 4 259 1556  960      40
2017072500 4 257 1566  960      40
2017072506 4 259 1575  960      40
2017072512 4 262 1581  960      40
2017072518 4 270 1584  965      38
2017072600 4 280 1579  970      35
2017072606 4 290 1571  970      35
2017072612 4 299 1556  970      35
2017072618 4 304 1541  970      35
2017072700 4 308 1522  970      35
2017072706 4 310 1506  970      35
2017072712 4 308 1485  970      35
2017072718 4 304 1469  970      35
2017072800 4 296 1453  975      33
2017072806 4 288 1444  975      33
2017072812 4 282 1434  975      33
2017072818 4 278 1430  975      33
2017072900 3 272 1426  980      30
2017072906 3 263 1422  980      30
2017072912 3 253 1419  980      30
2017072918 3 245 1418  980      30
2017073000 4 239 1416  975      33
2017073006 4 234 1415  970      35
2017073012 5 229 1414  955      42
2017073018 6 228 1409  935      52
2017073100 6 228 1404  935      52
2017073106 6 229 1399  935      52
2017073112 6 230 1393  935      52
2017073118 5 233 1388  945      48
2017080100 5 236 1383  945      48
2017080106 5 240 1377  950      45
2017080112 5 245 1372  950      45
2017080118 5 250 1367  950      45
2017080200 5 254 1364  950      45
2017080206 5 258 1360  950      45
2017080212 5 262 1356  950      45
2017080218 5 267 1354  950      45
2017080300 5 274 1349  955      42
2017080306 5 279 1341  955      42
2017080312 4 281 1334  960      40
2017080318 4 283 1324  960      40
2017080400 4 285 1314  960      40
2017080406 4 287 1311  965      38
2017080412 4 289 1308  965      38
2017080418 4 292 1304  965      38
2017080500 4 296 1302  965      38
2017080506 4 298 1301  965      38
2017080512 4 300 1301  965      38
2017080518 4 303 1305  975      33
2017080600 4 307 1309  975      33
2017080606 4 311 1314  975      33
2017080612 4 317 1322  975      33
2017080618 4 325 1329  975      33
2017080700 4 332 1338  975      33
2017080706 3 340 1350  980      30
2017080712 3 351 1363  982      28
2017080718 2 359 1369  985      23
2017080800 2 368 1377  990      18
2017080806 9 377 1382  990      18
2017080812 9 385 1386  992      15
2017080818 9 389 1389  994      13
2017080900 9 393 1393  994      13