2017090900 1 149 1452 1002      13
2017090906 1 151 1440 1000      15
2017090912 2 153 1430  998      18
2017090918 2 156 1417  995      20
2017091000 2 160 1405  995      20
2017091006 2 164 1397  990      23
2017091012 2 167 1385  990      23
2017091018 3 173 1373  988      25
2017091100 3 181 1361  985      28
2017091106 3 190 1347  980      30
2017091112 3 198 1332  980      30
2017091118 4 205 1317  975      33
2017091200 4 213 1305  970      35
2017091206 4 219 1288  970      35
2017091212 4 226 1278  965      38
2017091218 4 235 1268  965      38
2017091300 4 242 1261  965      38
2017091306 5 249 1258  955      42
2017091312 5 256 1254  950      45
2017091318 5 260 1250  945      48
2017091400 5 266 1245  940      50
2017091406 6 271 1241  935      52
2017091412 5 273 1242  945      48
2017091418 5 277 1243  950      45
2017091500 5 280 1245  955      42
2017091506 4 284 1249  960      40
2017091512 4 287 1253  965      38
2017091518 4 289 1257  970      35
2017091600 4 294 1261  975      33
2017091606 3 294 1267  980      30
2017091612 3 298 1276  980      30
2017091618 3 301 1286  980      30
2017091700 3 308 1302  980      30
2017091706 3 323 1320  982      28
2017091712 3 346 1347  982      28
2017091718 9 374 1378  984      25
2017091800 9 409 1394  978      25
2017091806 9 440 1419  976      25
2017091812 9 465 1431  976      25
2017091818 9 484 1437  980      23
2017091900 9 499 1442  980      23
2017091906 9 507 1446  980      23
2017091912 9 513 1450  984      20
2017091918 9 517 1454  988      20
2017092000 9 521 1458  990      18
2017092006 9 526 1461  992      18
2017092012 9 533 1462  994      18
2017092018 9 538 1462  994      18
2017092100 9 545 1464  996      15
2017092106 9 553 1466  998      15
2017092112 9 559 1466 1000      13
2017092118 9 564 1473 1000      13
2017092200 9 569 1480 1000      13