56778    4   15   11    2   20    8   10   20   10   12   21    6    5    2   31   25    2   32    2   17   15   11   32    2    0    1   30    5    1    3   30   27   24    0   14    0   15   11   78   35    0   10   51   28   13    0   18   14    7    3
56772    2   13   11    1   24   13    6   17    9    8    8    5    5    2   25   30    4   27    2    9    7    5   27    2    2    1   26    6    1    5   39   39   25    1   24    1   15   16   79   22    0   13   30   27    7    0   12   19    6    0
56863    4   11    4    2   10   12    8   17    9    8   13    2    7    1   27   29    1   31    1   15   17    4   32    1    0    0   21    5    4    4   24   26   21    1   16    0   15    9   73   25    0   11   38   30   13    0   18   14    5    3
56871    7   21    4    0   14   16    6   26    7    9   11    4    4    0   38   23    3   40    1    9   21    3   51    3    0    1   19    4    5    4   33   43   30    0   14    2    7    5   64   35    0    9   47   39   16    0   13   18   11    6
56882    6   19    3    1    9   16    5   23    6    7   16    2    7    0   33   20    2   26    0   11   13    0   33    1    3    1   14    4    3    7   29   35   22    0   10    0   14    6   48   20    0   14   38   26    9    0   14   13    7    4
56880    2   24   14    1   18   18    5   27   11    6   18    6    5    1   37   27    9   33    1   15   20    1   36    3    3    1   30    6    4    5   21   63   28    0   15    1    8    4   62   38    0   15   39   30   41    0   14    7    6    2
56881    7   22    4    1   19   17    3   34   17   11   16   11    6    1   32   33    4   25    1    8   31    0   33    1    4    0   18    6    5   13   23   70   30    0   29    3    7    5   39   27    2   15   44   28   38    1   18   12   10    6
56785    1   13   12    2   25    3   11   18   16    7   13    9    2    0   26   26    6   24    1    8    7    2   32    2    3    1   35   13    3    6   32   52   24    2   24    3   17   14   58   31    0   17   29   31   32    0   10   10    8    1
56775    0   14    5    2   22    4    7   28    3   11    6    3    3    1   22   40    1   25    1    7    7    5   44    1    0    0   28    6    2    3   32   37   17    0   20    2   15   19   70   28    0   13   15   18   27    0   16   31    4    3
56872    4   29   10    2   23   17   11   23   10    8   22    6   10    2   35   31    2   39    7   19   17   14   38    2    0    3   24   10    3    3   30   35   28    1   17    0   16   15   86   51    0   17   54   27   14    1   18   19   13    4
56483    9    8    6   11   16   13    7   13    5    6   18    5    9    8   10    6   12   16    9   11    8    9   11   12   14   12    7    5   12    5   14    7    5    3    9    8    6   14    5   16    9   10    7   11   11    9   11   10   13    2
56489    0    9    7    1    5    0    4    1    2    0    6    0    1    0    3    3    7   10    3    0   15    1    9    5    7    0    7    0    3    4    5    5    7    0    5    6    4    6    6    7    8    4    2    3    7    1    4    5   13    0
56497   13   30   12   30   27   20   16   14   12   19   40   21   22   26   17   21   31   25   17   19   18   14   23   25   19   13   11   14   28   22   30   13   13    4   17   18   15   25   11   28   14   17   17   25   18   22   28   27   23    7
56596   31   40   11   27   31   21   23   13   14   29   39   17   33   19   24   27   41   20   31   20   33   27   36   24   24   21   20   28   17   31   44   22   30   15   23   19   18   33   32   27   20   24   30   19   19   22   36   20   32   14
56595    9   24    9   14   13    7    9    7   11   14   22   12   23   11   19   27   19   15   15   10   21   15   23   16   15   12   12   12   11   14   28   19   18    9   26   16   12   25   24   27   10   26   19   17   24   17   25   12   14    5
56582    4   14   12    7   12    2    7    2   13    4   24    6    8    4    6   11   15   12    5    6   15    9   22   14   12    4   15    3    8    8   20   19   24    1    8   10   12   17   12   17    3    9    7    7   13    5   11   17   13    4
56594    0    9    6    1    6    0    2    1    3    0    8    0    5    0    6    4    5    6    3    0   15    6   10    3    7    0    4    0    1    1   10   12   13    0    1    0    0    5    8    9    0    5    5    0    2    0    5    4    2    0
56586    0   16    8    4    6    1    4    5   10    1   10    3    6    0   12   10    5   12    3    3   20    6   19    3    5    0    5    1    1    6   18   18   16    0   11    1    7    9   19   27    1   14    6    4    9    0    6   17    4    1
56585    2   27   13    9   12    3    9   11   15    4   30    4   13    1   13   14   24   39    7   10   35   13   31    4   10    0    8    1    1    7   26   32   20    1   20    2   21   19   38   38    2   37   11    7   23    2    7   22    8    2
56673    0   27    6    0   31    0    2   29   11    0   16    0    4    0    7   13   21   27    6    4   16   31   27    1    0    0   13    0    0    8   15   50   11    0    6    0   22   13   38   31    0   39   18    2   19    0   11   17    3    0
56688    0   15    6    0   12    0    1   20    2    4   14    1    2    1   13   27    4   31    2   14    9   16   32    1    0    0   19    3    1    9   21   22   24    0   24    0   19   10   57   28    0   19   33    6   40    0    7   10    6    0
56684    0    9    7    0    4    1    5   15    4    8    9    1    2    2   12   20    9   17    1   10    9   14   34    4    1    0   19    5    1    5   42   22   18    0   24    1   13   19   29   13    0   15   11   10   23    0    9   32    8    5
56697    1   31   11    8   19    1    3   10    7   11   20   10    6    3   16   41    8   19    1    5    4   11   50    1    7    2   19    6   11   11   21   22   18    1   42   11   24   14   30   15    5   21   12   16   39    5   15   15    7    5
56786    3   23   15    8   23    4    9   18   24    7   25   17   13    1   24   31   10   30    1   11    9   14   44    5    4    3   27   16   11   15   37   54   27    3   39    7   14   14   45   29    2   30   23   29   51    1   23    8    6    1
56781    1   14    7    2   15    1    6   26   12    6   23   11    4    0   29   26    6   28    1    9    6    5   27    3    1    2   34    8    3    5   33   45   13    1   27    3   18   10   71   25    0   20   25   40   46    1   13   17    5    1
56782    2   20   17    4   17    7   10   25   16   11   27   17    8    2   33   31   12   33    1   14    9    9   40    8    8    2   29   17   10   16   49   61   35    2   40    5   19    9   50   36    1   22   30   32   48    2   38   23   12    2
56790    5   35   10   11   24    2    6   13   13   11   14   18   18    5   27   34   11   30    1    8    5   10   62    4    6    1   34   15   14   12   53   34   34    1   33    6   17   41   40   29    2   25   21   43   47    1   34   17   15    1
56891   12   51   22   28   30   31   14   29   25   32   34   23   29   24   31   30   37   38    7   13   22    6   47   22   24    5   31   14   21   27   39   80   39   15   41   18   47   21   23   27   10   33   49   27   34   13   35   27   18   14
56883    5   27   13   15   20   22    5   29   19   15   20   21   19   12   30   32   22   30    2   11   14    5   31   11   16    1   33    5   10   21   30   79   30    4   25    7   14   10   23   18    4   31   45   26   34    7   28   20   12   11
56788    2   21   10    1   16   28    4   22   19   13   20   10   13    2   33   46   10   31    1   15   21    4   32    8    4    1   39    4    9   18   36   80   26    1   28    1   15   16   42   29    0   24   35   35   33    3   34    9    6    6
56889    6   33    9   16   27   10   11   21   11   10   23   20    9    2   32   23    9   20    7    7   13   12   21    8   23    1   29   14   11   21   17   67   44    4   40    5   17   15   19   20    7   27   55   22   40    5   42   26   11    5
59007    4   19    5   11   18   16    6   20   10   16   14   10   16    3   33   10   16   12    7    2   11   19   41    6   16    1   34   15   10   13   13   48   35    6   29    3   25   11   11   22    2   19   60   10   20    2   21   12   12    8
59205    4   16    1   12   13   20    9   18    9   22   15   11   40    9   32   18   27    8   15    6    6    9   29   11   11    5   27   19   32   11   19   30   40    3   27    2   28    5   18   19    6   29   55    8   20    5   17    8    8   34
56991    2   29    4   21   11    7    5   23   12    9   10   13   13    4   29   17   16   16    6    3   17   12   40    4    8    2   26   13   17    2   18   39   41    2   29    1   17    6   14   24    3   36   57   10   24    2   15   14    5    3
56992    7   21    5   13   13   19    9   32   15   10   14   19   30    6   31   22   18   17   15    6   16   18   43    8    9    5   26   20   26    6   26   43   38    8   23    2   33    7   20   27    8   30   55   21   26    5    8   12    8    6
56994    1   12    3    8   12   11    9   20   14    5    8    8    8    1   33   13   10   13    6    8    8   16   41    7    6    0    8   24   16    4    9   36   39    4   15    0   34    5   12   24    4   20   53   18   17    1   19   13    4    1
56995    8   14    4   11   11   26   20   41   14   17   14   29   14    9   44   25   23   24   19   11   20   14   60    7   17    7   30   14   38   14   23   37   61   11   22    3   31    5   15   25   14   33   41   32   32    3   20   16    9   13
56996    4   16    4   11   13   17   16   32    8    9   15   15   13    3   38   15   25   20   18    6   10   14   42    8    6    2   27    8   27   11   13   35   53    1   21    3   21    2   10   15    9   26   41   14   14    2   10   14    4   10
56885    1   22    1   10   18    9    6   33   11    7   13    7    9   18   38   33    7   31    1   10   14    6   30    6   14    0   22   10    8    6   17   55   32    2   10    0    3   11   33   20    0   28   56   17   25    1   19   13    5   12
56886    3   21    4   15   13   19    7   27   15   15   17   12   17   27   31   30    6   34    1    9   13    4   24    6   15    1   18   10    6   13   22   53   40    6   14    4    8   15   32   16    1   33   50   23   24    2   21   20    7    5
56970    4   27    1    4   23    5   13   61    4    4    8    7    3    0   44   34    6   57    4    2   26    3   23    5    7    0   32   11    6    1   22   44   17    1   12    0    4   13   39   41    0   37   78   14   26    0   14   18    2   18
56973    3   13    0    3   23    4   11   50   10    6    6   14    1    1   39   28    7   27    3    0   15    1   21    1    5    0   17    9    6    1   12   54   28    0   22    0    3   10   31   32    1   27   93    9   27    0   26   21    1   18
56982    1   15    0    5   18   17    8   35    7    3    5    8    3    0   27   21    8   30    6    4    8    2   24    1    8    0   18    9    6    0    8   52   25    1   26    0    4    6   24   26    1   25   77   10   25    0   32   16    1   14
56984    4   20    1    9    9   11   18   71   13   10   12   11   10    1   43   25   26   51   14    8   11    7   49    1   10    3   37   10   45    2   19   73   51   11   70    2   19   15   36   43   10   41   90   35   41    0   24   35   10   10
56985    2   16    2    7   10    6   12   54    2    2    6    5    3    0   39   17   11   27    8    6    3   11   34    0   22    0   16    7   20    3   12   48   28    7   27    0   10   12   25   37    2   21   65   26   27    0   30   18    3    4
56975    4   16    0    4   12    7   16   87    2    9    4    6    1    0   47   31   13   34    5    0    9    5   27    0    7    1   16    9    4    0    7   50   18    1   23    0    3    4   37   51    1   26   82   13   37    0   14   22    2   13
56976   10   46    4   24   16   40   52  113   25   20   24   30   13    4   99   50   40   83   27   17   21   16   66   10   11    8   31   24   55    5   40   92   37   15   91    8   20   13   23   45    2   44   79   19   30    0   20   35    7   12
56978   11   27    1    5    7   13   37  116   24   19    7   16    6    0   48   85   32   82   33    6   26   16   55    3    3    1   34   16   35    1   51   68   11   25   67    5   17    6   22   81   10   52  129   20   21    0   10   56   15   28
56987   10   61    4   15   15   65   53   68   21   30   26   31    9    5   49   58   57   76   11    9   63   28   77    3   25    4   77   13   40   12   41   77   32   47   42    2   18   20   51   50   48   70  129   48   45    1   16   44   12   15
56986   13   34    4   12   11   19   32   40   17   22   17   19   18    7   21   21   31   37   30   12   32   13   63    8   19    6   38   31   34   23   35   58   63   26   29    4   34    6   24   48   25   40   72   35   35    7   21   29   21   11
56989    6   36    2    4    9   42   13   16   10   30   38   16   13   10   95   30   26   27   24    2   44   29   74    6   18   11   23   32   38   33   38   54   32   15   48    1   23    3   31   22   32   54   73   23   36    0   29   15   10   12
56870    4   15    4    0   12   23    3   16    8    5    8    1    5    0   32   36    1   26    2   10   11   11   45    4    0    0   13    1    6    1   30   31   21    0   15    0   12    4   74   38    0   16   27   34    8    0    7   15    6    3
56875    8   24    2    2   23   11    5   50   11    8   13    8    8    2   48   32    4   24    4    4   13    4   27    2    0    0   30    0   11    1   24   54   16    1    7    0    5   14   74   54    1   13   58   17   31    0   14   17   15    2
56873    4   13    2    0   10   11    5   32   13    9   11    6    3    1   38   35    7   15    0    9   20    1   33    1    0    0   19    7    4    4   23   57   21    0   16    1    4    3   45   32    1    6   45   24   27    0   13    8   10    2
56876    4   13    1    1   18    6    4   47    7   11   12    6    6    2   48   36    3   25    3   14    9    1   26    1    0    0   18    1   10    4   16   59   18    0    9    1    6    2   60   26    1   18   46   18   22    0   12   11   13   10
56879    5   21    1    1   18    7    6   51    7   11   21    9    8    4   46   35   10   40    2   10   11    5   27    3    7    0   15    1   13    2   16   74   36    2    7    0    4   11   47   22    2   32   56   18   25    0   12   15    7   15
56878    2   20    3    3   20    6    9   45   11    8   19    6   12    3   52   43    5   40    2    9   10    1   27    4    4    0   15    2   13    0   21   60   28    1    8    0    4   11   67   21    1   21   60   15   23    0   10   16    8   13
56898    8   20    2    0   20    2    8   62   10   18   18   13    7    2   57   41    7   35    6   14   15    2   25    3    2    0   20    0    8    1   22   55   14    2   10    0    9    5   76   50    0   27   63   32   28    0   11   18   12    5
56869    9   20    1    0   26    1   13   55    8    7   11   11    6    1   52   51    3   34    1    4   12    3   32    2    0    0   20    0   11    0   20   47   20    0    6    0    6    7   71   54    0   22   61   23   21    0    9   14   16    7
56966    3   14    0    9   18    7    8   55    3    5    1    2    3    1   34   33    9   62    5    1   23    5   17    1    0    0   18   10    5    0   12   60   11    0    7    0    2    3   34   38    0   27   68   19   23    0    8   17    2   18
56651    0    4    0    1    0    0    2    1    2    1    0    1    4    1    5    0    2    2    1    0    6    0    3    3    0    0    4    0    0    0    7    5    6    1    0    1    1    9    0    8    4   12   25    5    2    0   11   17    0    0
56567    1    5    1    1    7    0    1    3    2    1    3    0    4    1    4    1    3    1   10    0   11    0   12    1    1    0    7    0    0    0    4    6    7    2    0    0    0    5    1   33    4    2    9    8    4    0    3   15    1    0
56652    0    9    3    0    2    0    1    6    9    3    1    0    4    0    7    1    6    1    4    0    8    0   13    1    1    0    6    0    2    1   18    3    9    0    2    0    2    8    3   12    0   30    9   10    3    0    4   28    0    0
56664    0   11    7    0   13    0    1    2    2    0    0    0    0    0    8    0    0    2    0    0    4    0   20    0    0    0    3    0    0    0    9   17    3    0    0    0    4    6    5   23    0   15    4    0    4    0   15    7    9    0
56444    8    8    3    4    2   20    7   22   19    6    4   10   10    6    7    1   16    5    5   14   21    0    8    4    3    1    5   11    4   16    7    9   29    8    6    3    2   12    9   20    2   10    6   13    7    0    1   17    2    0
56543    1    3    0    1    0    0    1   11   20    6    2    3    9    9    5    2    2    5    6    0   14    0   10   14    1    2    2    2    1    2   11    2   44   30    4    4    3   16    2   27    7    7   18   20   14    0    3   45    3    1
56548   25   15    0   22    0    7   14   31   46   31   24   10   41   21    2    1   27    5   12    9   44    0   33   65    9   12   11    4    1   29   29   14   69   46   22   12    2   50    1   51   36   46   52   48   39    0    1  126    0    0
56533   24   48   14   83    9   28   29   71  165   59   61   43   77   73   22   13   63   64   62   51  126    3   96   70   39   20   11   29   23   50   42   41  272   90   77   44   19   94   39  124   44  127   53  105   91    2   22  241   42    1
56641   52   33    1   92    3    6   51   62  100   54   63   28   90   27    6    4   93   18   44   44   94    0  100   60   28   31   24   23    2   71   60   51  164   71   45   43    9  125    4   91   56  134   69  145   61    1   11  193   15    0
56643    2    6    0   12    1    1   17   12   12   14    9    5    7   12    3    1   18    4    0    2   15    0   22   25    2    9    4    9    1    3   58   17   32    9   13    1    3   42    5   21    0   21   23   22    7    0    3   58    2    0
56645    4   18    0   15    0    1   14   17   14   19    4    5   12   13    6    0    6    3    3    1   15    0   15   23    4    3    5    3    0    5   24   16   32   15    7    3    1   29    2   25    7   33   30   24   13    0    0   78    0    1
56646    0    9    0    3    0    0    4    1    3    5    5    0    7    3    6    0    5    1    2    0    3    0    4    8    0    0    3    0    0    2   15    9   14    3    2    0    1   15    0    9    0   19   23   10    3    0    1   35    0    0
56654    0    8    2    1    0    0    2    1    2    1    0    0    2    0    7    0    4    2    1    0    2    0    8    4    0    0    3    0    0    1   14    4   11    0    1    0    0    6    0   13    0   12   14    3    1    0    1   19    0    0
56649    0    9    0    1    4    0    7   11   14    9    3    1    5    3   15    4   10    3    0    0    8    0   10    7    1    1    2    1    1    0   25    2   17    7    6    0    3   17    1   12    0   14   17    5    7    0    1   40    1    2
56742    2   12    0    9    1    2   14   12   15   23    9    5   11   16   11    2    8    2    0    0    7    0    9   14    1    5    5    5    1    2   37    3   26    6   17    0    3   31    3   11    0   16   24    8    6    0    1   52    0    3
56746    2    6    1    1   10    1   23   17    5   23    3    3   14   21   15   11    6    5    0    2   12    1   36   25    1    3    9    1    4    0   67    1   38    4   18    3    6   28    1   11    0   39   14   11    3    0    8   50    5    4
56745    2    7    0    0    8    0   20   19    6   17    7    2   11   20   12    7    6    3    0    4   14    1   28   16    0    2   10    0    4    1   64    3   22    6   20    1    6   30    3   15    0   29   15    8    3    0    3   65    3    5
56751    8   17    1    1   13    0   26   24   18   28    9    7   19   34   14    6   22   20    0    7   21    0   43   55    2    3   12    1    2    4   88    6   58   17   28    5    9   84    4   32    0   45   30   20   15    0    4   98    5   12
56752    0    4    0    0    6    0    5    2    1    4    6    0    1    3   12    1    0    1    2    1    0    0   11    0    0    0    1    0    0    1   18    1    9    0    2    0    0    4    2    9    0   10    5    1    1    0    4   21    0    2
56756    1   14    7    0    9    0   13   22    2   23    1    1   13    9   17   11    5    8    1    8   10    3   27    9    1    2   10    6    7    1   47    4   32    1   24    0    4   30   13   19    0   21   12   13   15    0    2   38    4    1
56755    2   11    1    1   10    0   13   23    5   15    1    1   11    6   18   18    9   12    0    2    7    0   26   14    1    1    9    4    8    0   44    6   43    1   24    1    5   41   13   13    0   20   11   12   18    0    7   31    8    2
56757    6    9    2    6    7    3   20   30    5   25    4    2   17   11   15   21   13   12    0    4   14    0   44   21    3    3   14    3   10    0   69    8   54    1   40    3   10   51   18   12    0   35   15   23   20    0    7   48   13    3
56851    7   14    9    2   16    4   20   23    3   16    4    1    8   11   21   24    5   15    1    9   17    2   32   12    0    3   34    1    3    1   55   14   36    0   28    2   11   37   27   24    0   33   13   23   16    0    9   32    8    3
56669    1   14    1    0    9    0    1    2    2    3    5    0    1    0   15    9    1    3    0    6    3    0   11    1    0    0    6    1    0    2   14   28    9    0    2    0    1    8   10   34    0   12    4    1    2    0   13    9    0    0
56761    1   17    1    0    3    0    3   15    3   11    2    0    6    3   16   13    1    4    0    1    5    4   25    4    0    0   12    7    0    8   32   10   23    0   15    0    5   20   10   21    0   20    7    7    8    0    1   25    8    0
56763    0   12    0    0    9    0    8    6    0    5    1    0    1    0   12   10    0    1    0    2    1    2   17    0    0    0   17    1    2    3   14   13   20    0    8    0    3    3   13   14    0   15    9    4    3    0    2    8    3    0
56764    1   17    1    0    5    0    7   21    2   16    4    0    8    2   20   12    5   15    0    5    5    2   28    3    0    0   16    1    2    5   35   12   37    0   15    0   10   22   16   26    0   21    9   10   11    0    2   23    6    1
56767    0   21   10    1   10    1    7   16    5   11    4    2    2    4   24   27    5   11    3    9    9    3   30    4    0    0   24    3    0    3   33   14   20    0   22    0    1   17   24   33    0   23   20   12   15    0    2   14    5    2
56766    1   20    7    0   12    1    4   10    3   11    1    3    2    2   24   27    2   12    3    4    5    2   23    2    0    1   18    3    2    7   29   19   21    0   17    1    7   22   27   31    0   17   14    7   13    0    4    8    4    0
56774    1   15    5    2   19    5    6   30    3   12    6    3    3    1   23   40    1   25    1    7    7    6   43    1    0    0   23    6    3    4   31   35   22    0   23    2   13   20   77   32    0   14   13   20   26    0   15   31    4    3
56768    1   15    8    1   11    1    5   22    5    9    3    1    4    1   22   61    3   26    3    6    5    6   36    4    0    0   22    3    0    4   28   13   17    0   14    0   10   13   41   42    0    9    5   21   20    0    5   21    4    0
56777    2   14    7    1   20    9    8   22    7    7    7    6    4    1   21   36    3   39    2    6    7   10   39    2    1    1   24    5   10    4   34   20   15    0   25    0   11    7   61   35    0    9   11   21   15    0    4   37    3    0
56862    5   20   15    2   14   24    8   21    9   12   13    4   11    0   32   53    5   39    5    7   21   16   34    2    0    1   16    4    8    0   32   36   25    1   22    1   14   16   56   40    0   15   28   35   15    0   12   29   13    8
56856   19   17   14    2   19   19   29   17    7   11   13    5   15    0   32   44    4   48    2    6   12    9   32    5    0    2   12    7    2    1   30   57   31    0   15    4   10   13   23   50    0   40   31   18   10    0   18   20   18    2
56867   22   29    5    0   30    9   19   41   14   22    2    4    6    0   54   45    8   43    1    0   27    5   20    3    0    0   32    0    4    0   23   40   24    0   11    0    6   10  138   47    1    9   34   24    4    1    9   24   31    4
56952    7    5    1    0   25    4   23   55    7   18    2   10    3    0   45   55    1   39    0    1    7    3   12    8    2    1   18    2    0    0    9   46   16    0    8    0    5    3   44   58    1   17   44   27   21    0    3   22    2    6
56962   12   15    1    2   25    3   49   80    7   12    3   16    8    0   37   38   11   74    0    5   29   15   25    2    1    0   24    4    8    0    9   61   11    0    8    0    3    7   46   45    3   39   64   19   20    0    8   24    2   24
56961    4   14    1    2   29    9   35   70   11   10    5    7    0    1   35   31    6   45    0    0    9    9   18    0    1    1   42    2    3    0   16   50   10    1    6    0    5   23   27   53    3   41   40   22    8    1    2   18    8    9
56964    2   25    1    3   24   10   63   88    5    6    4   11    2    1   33   42   12   35    0    0    2   11   25    3    9    0   30    4    3    0    1   29    2    2   10    0    4   15   33   80    1   35   65   20    8    0    2   13   11    8
56977    6   44    2    1   15   13   61  141    7   21    8   39    1    0   54   64   32   48    6    5   25    9   41    2    7    1   75    5   35    1   16   34    1  106   17    0    7   19   26   66   25   55  142   40   13    0   19   27   13   19
56948    4   10    3    0   45   20  123   50   25   14   17   28    3    0   44   30    0   43    0    0    8   14    0    1    0    2   33    2    0    0    3   36    7    1    3    0    5   10   49   32    0   33   36   18    3    0    4   25    5    4
56954    4    6    6    0   46   10   48   82   12    9    5   20    2    0   27   53    3   38    0    0    9   16    1    2    0    1   47    1    1    0    2    7    3    2    5    1    4    2   25   80    3   43   46   19    2    0    5   12   13    6
56949    4   12    1    0   38    7   15   55    9    5    2   24    0    0   35   29    8   24    0    0    5    8    1    0    0    2    7    1    0    2    1   10    1    1    7    0    6    0   15   51    0   35   49   21    0    0    1   11   12    2
56959    6    6    2    5   10   10   29   88    6    8   11   22    3    2   62   31   10   52   19    0   17   15   17    1    0    2   16    0   17    0    0    7    3   17    1    0    0    0   36   12   13   27   73   10    0    0    4   29    5   11
56958    2    4    0    0    6    9    9   85    9    4    3   17    0    0   57   22   11   73    8    0    6   21   13    0    0    1   14    0    3    1    2    8    1    1    1    0    3    0   30    9   26   33   58   11    0    0    3   35    5   15
56969    2   11    0    2   16   64   29   48   12   17    9   13    0    0  108    7   18   76   26    1   50   13   33    2   31    1   34    4   10   13    3   14    2    4    4    0    1    0   46   12    6   39   64   29    2    0    9   21   10   25
56846   14   32   24    7   11    8   43   66   30   34   18    7   20   10   32   38   29   31    2   12   43    6   55   22    2   11   53    5   12    0  110   38   63    0   52    3   32   52   52   16    0   60   21   37   23    0   12   57   10    3
56854   10   14   14    1   14    9   25   29   20   14    7    7   17    3   30   31    9   24    1    7   18    2   39    6    1    3   20    7    4    1   40   28   32    0   24    3   15   19   22   21    1   40   10   21    7    0   16   35   17    1
56951   12   15    5    0   26    4   37   21    9   19   11   17    5    0   42   49    6   25    0    1    9    9    6    4    0    2   13    1    0    0   28   18   35    0    7    0   12    8   27   23    4   16   16   16    1    0    7   22   11    2
56849   37   16    9    1   12   16   55   33   27   35   10   19    7    0   34   46    7   13    0    5   20    1   32   19    0    3   40    0    2    0   48   26   69    0   12    0   20   21   18   17    0   51   14   39   12    0    8   53   10    3
56839   24   22   17    8   11   20   51   34    7    8    9   14    7    4   20   42    6    4    0    2   29    0   17   18    1    2   33    2    2    0   37   22   43    0    8    0   15   18   22    6    0   45   11   11    3    0    2   36    3    1
56946   19   10    3    0   23    7   68   33    5   10   13   21    8    0   38   39    3   19    0    1    7    3    2   10    0    2    8    1    0    0   12   32   20    0    5    3   12   11   36   14    0   26   29   17    0    0    1   18    2    4
56944   12   22    5    2   34   23   78   37   13   13   17   35    4    0   40   54    1   41    0    0   18    4    2    9    0    2   26    2    1    0    7   42   13    0    2    0   12   10   42   17    0   24   30   25    0    0    4   32   13   13
56950    7    8    5    0   18   19   53   33    8   10    3   20    4    0   44   41    1   49    0    0   10    7    4   10    0    2   26    1    0    0    4   48   13    0    5    1    9    4   49   31    3   23   21   24    0    0    2   20    0    7
56739   15   18    0   19    3   12   61   21   10   29   20    4   12   18    8   26   36    2    2   11   18    0   49   34    4   11   19    4    3    1   88   21   48    0   28    2   12   37    6    8    1   52   15   25    6    0    3   77    0   12
56748    5    7    0   21    7    1   34   26   11   29    5    0   24   18   16   16   18    5    0    4   15    0   40   37    3    6   11    8    7    0   79    5   53    0   20    1   10   60    4    6    0   24   21   20    6    0   18   55    8    3
56842   12   26   11    3    6    4   32   42    8   22    8    2    9    4   16   13   29    6    3    8   30    3   28   15    1    7   22    4    5    0   79   30   50    0   41    2    9   40   10   15    0   36   13   27   17    0    7   73    4    4
56843   10   23    8    6   12    7   34   40    4   17    2    3   14   10   19   26   17    5    2    7   29    2   33   22    1    7   29    1    9    0   83   21   47    0   33    2   14   36   16    7    0   39   14   20   10    0    5   69   10    6
56841   15   23    1    2    7   13   58   33   14   14   14    3    6    3   16   27   24    6    2    7   33    1   51   27    2    9   20    3    9    0   96   36   54    0   34    0   17   36   10   15    1   34   18   17   11    0    2  100    9    5
56836   14   16    0    0    4    8   51   11    7   24   15    1    9    1    8   18   29    1    2    3   10    0   22   39    0    9   27    5    0    0   70   21   49    0   13    0   11   22    4    6    0   39   14   17    5    0    0   69    1    8
56840   15   23    0    5    4    6   55   19   10   21   16    2   20    6    4   22   27    1    3    3   11    0   27   48    2   13   17    6    0    0   68   30   38    0   11    6   10   27    7    9    0   45   15   26    4    0    2   67    4    6
56844   26   17    0    1    3    6   43   30   12   11   14    3    9    2   12   21   23    2    1    6   13    1   38   14    1    7   18    8    2    0   56   20   39    0   20    0   12   17   11    9    1   35   11    4    7    0    2   65    7    6
56835   21   16    0    1    3    8   39   13    6    5   16    1    6    1    6   13   19    0    1    6   10    0   45   12    1    6   14    5    0    0   60   16   49    0    8    0    9   19   15    6    0   23   12    9    4    0    1   63    6    2
56838   25   14    0    1    4    7   57   22    3    4   19    6    1    2    8   24    5    0    0    1    9    0   28    2    3    4   22    0    0    0   30   18   44    0   10    0    6   14    7    1    0   32    4    6    1    0    2   51    0    1
