56778   39    2    9    8   34    8   13    0    9   67    8    3    3    1    3    1   10    0   17   18   20    5   51    1    4    4   19    1   44    6    8    1   13   45    0   11   15   17   11    0    0    7   34    7   39   19    0    5    1
56772   23    2   23   10   49    5    9    0    4   51    4    2    6    4    1    0   10    0   20   34   17   13   48    1    7    4   19    0   32    4    1    0   11   21    4   11   15   11   14    4    0    7   25    5   19   22    0   18    0
56863   35    3    8    8   30    9    7    0    7   71    8    2    1    0    2    1   15    0   16    9   21    6   39   10    7    4   12    1   28    4    5    1    8   39    1    6   17    4    8    0    0    5   32    2   38   20    0    5    2
56871   46    2    2   18   60   10    9    0    3   85    5    2    1    1    5    0   12    0   11   13   28    9   52    5    7    6   14    0   40    5    5    0   12   47    1    5    5    8   15    3    0    7   38    1   35   13    0   14   18
56882   48    2    2    4   47    6    7    0    8   64    7    1    1    0    2    1   18    0   13   11   21    3   30    3    5    2   12    0   34    2    3    0   16   36    1   10   16    6   11    9    0    7   45    4   27   14    0   13    8
56880   52    0   18   11   37    8   20    0    9   58    7    1    0    0    4    2   14    0   13   22   25    5   50    5   13    6   10    1   36    4    8    2   16   60    2    9   16   11   12   15    0   13   43    4   40   13    1   10    6
56881   46    2    3   14   54    7   22    0    5   75    5    1    3    0    1    3   11    0    8   27   23   13   46    2   13    8   10    2   29    6    6    1   22   64    6    8    5   12   16   19    0   15   63    1   63    6    1   23   11
56785   29    2   12    8   34    5    5    0    8   62    4    3    9    3    1    1    6    0   22   22   25    8   38    8    5    1   16    2   40    5    2    0   17   29    6   12   12   16   13    4    0    4   30    3   43   25    0   18    0
56775   14    0    0   10   40    4    5    0   11   47    1    6    3    0    1    2    4    0   26   18   13   20   47    1    2    4   14    3   42    7    2    1    3   19    0   27    6    9   16    5    0    6   32    4   17   14    0   16    0
56872   44    4    9   12   58   14   18    2   13   81   10    4    1    0    7    5   18    0   23   20   29   12   84    1   10    6   24    3   39   10    7    1   16   46    3   17   25   15   10    0    0    9   50    7   44   26    0    8    2
56483    9    6   11   12   12    5   19   10    8    6   13   14   16   12    4   18   13    3   21    7    7    4   19    9    6    8   10    5   14    5   12    3    1   15   13    5   12   10    9    4    9   11   10   14    7   16   11    8   10
56489    2    0    5    1   12    0    6    0    0    2    7    4    2    3    2    1    3    1   20    1    3    8    7    0    4    1    3    0    4    2    5    0    0    5    5    1    2    5    9    1    2    2   10    2    0    5    0    1    0
56497   24   13   23   18   24   17   38   13   20   28   28   22   24   31   17   21   17   13   33   18   20   27   34   17   17    8   13   14   21    6   21    2    9   20   23    9   24   18   24    8   19   20   27   13   20   18   14   11   19
56596   25   12   22   32   22   17   28   19   29   43   24   19   22   31   17   25   12   17   31   33   28   31   32   18   27    8   27   15   17   12   23   12   20   27   26   12   26   21   19   29   31   15   37   25   16   26   36   18   38
56595   11    6   13   16   18   10   21    9   16   39   12   20   22   19    9   15    5    8   26   20   18   18   27   19   12    5   14    9   14    6   14    5   10   22   17    8   15   13   10   13   15   17   30   13   26   15   26   13   13
56582   11    3   10    4   15    6   12    1    4   27    8    6   10    5    7    5    5   10   23    6   10   12   14    8    7    2    9    5   10    4   10    1    5   10   14    4   10   10   20    6   10    7   21    5   12   14    6   13   10
56594    3    0    6    3    7    1    5    0    1   22    2    3    4    0    0    0    2    3   15    2    4    3    7    0    1    0    3    0    5    0    2    0    0    4    5    0   12    2    9    2    0    3    7    1    7    3    0    3    0
56586    3    2    8    4   17    3    9    0    2   28    3    5   10    0    1    0    1    1   15    5    6    7    6    1    3    8    8    0    3    2    5    0    3    7    4    0   16    5    9    7    0    5   14    5   11    5    1    5    1
56585    3    2    4   11   24    7   10    0    8   31    8    9   14    2    4    3    5    0   18   13   15   13   21    2    6    1   16    2    9    5    7    0    3    7   12    1   25    8    9    8    2    3   25    6   13   12    5   10    5
56673    1    1    7   11   23    3    2    0    2   35    7    2    1    0    0    1    6    0   17    5   13   15   42    1    2    6   22    0   10    1    4    0    2    5   10    0   17   10   20    1    0    0   14    0    8    7    3    1    9
56688    8    2    5   13   16    6   11    0    4   47    6    1    0    0    3    2    5    0   18   12    9   20   60    1    1    2   11    0   13    0    2    1    3   12   13    3    8    2    8    2    0    7   16    2   16    4    2    2    7
56684   11    1    9   13    7    4   10    0    4   37    5    4    2    2    2    3    9    0   20    9   12    7   22    1    1    1   12    1   10    3    2    0    1    4   12    3   10    6    3    2    0    6   16    2   18    1    3    1    9
56697   15    2   10   13   12    2    8    0    9   46    6    7    4    3    5   11    3    1   40   15   11   10   20    9   12    2   11    4   14    4    8    4    8   18    7    7    8    6    7    9    1   11   31   17   36    7    3   13    7
56786   25    3    2   25   29    4    6    0   11   52   17   12    9    3    3    1    6    0   29   28   15   12   28   10    7    2   12    2   32    1    4    0   20   31    9   16   11    7   21   11    0   15   68   11   38   18    2   34    1
56781   20    2    2   13   29    6    3    0   13   57    7    6   10    0    2    2    7    1   22   20   21   14   28    2    4    2   13    1   28    3    2    0   12   31    5   16   12    5   12   10    0    5   25    8   37   19    1   30    1
56782   32    1   10   12   43    6    8    0   12   59   14    8   10   12    3    1    9    0   25   25   16   12   28    4    4    5   22    3   40    3    6    1   24   41    7   13   11   24   29    9    2   13   66    4   49   17    3   20    3
56790   36    3   27   18   30    1   11    1   10   47   23    5    6    7    1    2    8    0   21   34    9    7   20    6    5    4   13    3   12   17    6    2   18   32    4   19    7    6   19   14    1   18   53   20   29    8    4   28    1
56891   68    8   40   41   51    9   33    2   19  102   26   10    8   16    5   13    9    4    7   58   32   16   33   21   29   13    5    5   11    6   19    4   29   60   16   10   17   22   22   38    6   17   36    8   46   16   17   28   11
56883   65    3   24   30   60    7   20    1   10   80   12    3    3    5    5    5   10    1   14   36   23   14   36   15   23    6    6    3   16    5   18    5   25   54    5   12   16   13   13   35    1   19   36    4   39    6    3   11    8
56788   70    4   26   15   38    7   14    0    7   55   18    1   12    0    2    2   12    0   12   31   17    9   31    9   17    7    8    2   23    3   10    2   19   63    3    9   20   11   16   10    0   20   58    4   44    7    0   19    4
56889   40    1   20   35   46    3   23    0   11   95   16   15    7    3   14    2    6    2    3   38   18   11   39   14    8   14    9    1    4    7   23   21   12   62    9    9   11   15   22   29    1   50   20    2   44   11    6    8   11
59007   47    2   15   29   43    2   21    1    5   55   16   20    6    2    7    4   11    4   16   31    4    8   21   14    4    6    1    1    7    6   42   22    4   41    4    6    8    7   18   26    0   77   13    6   24    4    7    4    3
59205   52    6   34   34   45    4   32    5    5   69   21   35    8    3   14    4   20   15   14   42    3   10   24   12    4    5    2    0   10    5   50   52    3   36    7    6   29    7   23   20    3   65   24   11   15    2    6    5    3
56991   66    2   11   20   47    1   20    0    7   95   16   16    0    0    7    2   13    7    1   28   13    4   19    2    2   17    6    1    2    5   30   33    7   43    3    7   17   13   17   34    3   63    9    2   31    3    3    9    5
56992   67    2   32   31   52    0   26    2    6   79   13   26    8    3   16    4   15    7    2   36   11    4   17    5    8   11    4    5   12    5   46   41    4   38    5   12   27   21   24   45    0   88   10    1   21    5    8    7    4
56994   55    1   26   26   46    1   11    0    3   77    6   15    2    1   14    3   11    2    2   16    9    4   20    0    1   13    5    0    1    4   34   45    3   57    2    5   17   18   16   31    2   58    7    1   15    2    2    3    3
56995   67    1   21   35   56    6   27    0    4   92   18   26    5    3   13    6   22    4    7   26   12    4   17    5    5   12    6    1   23    7   43   58    4   34    7   10   47   27   24   36    4   90    7    2   13    8    8    4    5
56996   43    3   15   31   34    2   21    1    3   71   12   28    2    2    7    3   12    1    5   22    9    2   16    2    4    8    5    0   10    2   33   61    1   21    2    5   19   17   24   16    3   67   15    3   15    2    5    4    5
56885   73    6    9   26   64    6   13    0    4   98   19    3    0    1    5    1    6    0    3   21   16    7   41    7   10   15    7    0   14    5    7    3    7   35    3    3   12   10   10   28    0   25   32    1   45    2    0    1   15
56886   71    2    7   28   51    6   14    0    4   93   19    2    1    2    3    1    9    1    7   25   14    5   34    9    6   12    4    1   10    6   11    5    8   46    6    4   11    5   12   26    0   27   25    0   51    1    0    0    9
56970   62    0    7   27   66    5   12    0    4  152   33    1    0    1    6    5   15    7    5   30   25   11   72    5    7   22    7    0    7    9   12   10    6   69    4   12   23   14   13   33    1   27   15    0   39    1    0    5    1
56973   35    0    3   19   53    6   16    0    3  168   15    6    0    1   11    1   16   13   10   19   19   12   48    3    5    8    7    0    2   11   13   10   14   75    5    8   19    8   13   15    1   15   11    5   36    1    0    7    0
56982   38    0    7   23   26    3   15    0    2  126   14    7    0    1   14    1   13    2    3   27   19    7   30    1    3   17   10    0    1    6   12   14   12   62    2    4   10    8   13   15    1   31   14    0   35    1    1    3    0
56984   58    2   21   30   54    6   24    0    3  150   32   10    0    5   18    4   28    4   11   41   20   20   41    1    3   30   18    1    1   16   31   33   12   85    4   11   35   16   21   33    4   53   12    2   40    3    2   25    1
56985   49    0   20   19   45    1   15    0    2  120   15   11    0    1   15    1   15    0    2   23   11   15   34    1    1   13   12    1    1    9   24   34    7   55    4    8   15    9   15   34    5   26    6    0   19    0    0   19    0
56975   56    0    6   25   81    4   23    0    2  203   21    3    0    3   12    7   18    0   13   23   18   15   74    0    2   15    9    1    1   15   14   17    8   83    3    4   21   12   11   12    3   32    2    0   31    1    1   21    0
56976   99    3   32   55   92   14   35    0   13  272   42   15    2   13   23   12   28    7   12   70   40   27   74   10   12   34   20    2    3   25   38   37   15  120   12   28   28    6    7   36    1   75   11    0   38    2    3   30    0
56978  128    0   32   62  132   12   28    0    6  236   22   11    1   14   18    5   36    4    8   69   28   20   69   21    9   34   10    1    4   12   46   31    7  170   11   22   66   15   20   31    8  100   42    3   63    3    2   40    0
56987  153    1   46   47  105   14   50    0    8  235   63   28    1   13   40   22   43   22    8   68   40   14   72   13    5   54   17    0    1   16   65   47   11  106   17   38   81   22   22   64    3   86   24    1  105    3    1    7    6
56986  100    3   44   41   76   13   28    1    4  140   35   19    4    8   25   19   27   11   10   47   16   20   41   10    6   20   12    3    3   13   51   58    7   65    7   15   51   15   22   50   12   93   12    4   32    8    8    6    5
56989   77   36   32   45   64    5   23    3    2   90   27   22    6    5   26   15   39   30    9   44    7    8   44    1    0   10    4   25    6   11   34   65   13   50    4   20   31   20   30   47   15   76   43    7   23    1    5   11    4
56870   35    1    2   18   56    7   12    0    2   71    4    0    0    0    9    1   13    0   14    5   32   14   60    5    3    7   11    0   31    5   11    1   11   56    0    2   13   11   10    4    0    4   34    2   34   13    0    4    7
56875   73    3    7   25  109   15   10    0    6   99   14    1    0    2    7    1   13    0    5   33   24    8   59    5    4    5   12    1   20    7    7    3    9   59    2   12    6   17   13   11    1    9   22    0   46   11    0   21   10
56873   44    2    5   11   53    9   21    0    1   78    4    0    0    0    1    0   11    0    6   13   24    6   43    2    3    3    4    0   32    5    4    1   16   72    2    8    5    8   13    8    0    9   23    1   49    8    0   11   12
56876   88    2    8   26   95    9   11    0    7   99   14    1    0    1    6    1   18    0    7   24   18   11   55    9    2    6   13    0   11    6    7    5    5   57    1    4   13    9   13    7    0   14   28    0   49    3    0   12   20
56879   90    1    8   16   63    9   15    0    5  114   15    1    1    0    7    4   16    0    7   17   22    8   42    1    4   10   12    0    8    6   14    6    4   43    4    5   11   15   12   16    0   25   30    0   44    4    0    6   19
56878   91    1    7   19   74    8   15    0    2  114   18    2    0    0    5    3   16    0    7   23   19   11   47    4    3   12   13    0   10    6    8    7    6   41    7    5   12   12   10   15    1   24   26    0   37    9    0    6    7
56898   97    4    3   27  135   15   12    0    8  106   23    3    1    3    9    3   24    0   11   30   30   15   66    9    3    8   17    1   18    8    9    3    7   83    4   11   14    7    6   10    1   14   29    0   44    7    0   12   11
56869   80    3    3   39  133   12   13    0    5  123   17    3    0    1   14    1   19    8    7   23   33   26  111   13    7    5   14    2   26   15    7    5    5   87    1   11   11   10    4    8    1   11   44    0   31   13    0   27    5
56966   75    0    4   28   72    5    4    0    2  180   37    2    0    2    3    8   12    4    6   27   16   26   81    4    4   11    6    0   13   11    5   15    4   42    2    5   17   11    4    6    1   28   12    0   23   10    0    5    0
56651    0    0    0    3   17    6    1    0    0    6    1    0    0    0    0    0    8    0   33    0    1    3   35    1    5    0    2    0    2    7    3    5    0    0    0    0    4    1    6    0    0    0    7    0    0   11    0    2    0
56567    0    2    0    5   25    2    0    0    2    3    3    0    1    0    0    0   14    0   18    1    2   13   21    2    4    1   10    0    4    3    4    3    0    0    0    0    6    1    3    0    0    0    3    1    0   17    0    0    0
56652    6    0    2   15   24    9    2    0    0   15    1    0    0    0    0    0    8    0   21    0    2    9   18    0    2    0    4    0    3    2    3    1    0    0    0    0    6    0   16    0    0    0   10    0    3    1    0    1    2
56664    0    2    0    9   22    1    8    0    1   18    0    0    1    0    0    0    2    0   29    0   10   13   46    0    1    0    6    0    5    6    0    0    1    2    0    0    5    5   12    0    0    0    1    0    5   12    0    0    0
56444    2    5    3    2   38   26    2    2    1    1    6    3   16    5    2    0   11    0   34    0   10   10   24    4    4    8   14    0    9   15   10    6    0    1    1    0   20    0    2    1    0    3   11    3    2    4    6    0    1
56543    0    2    0    1   23   24    0    4    0    0    1    6    4    0    0    0   14    0   11    0    0    4   13    7   23    2    2    0    7    8   15    4    0    0    3    0   13    4    6    0    0    0   15    1    0    2    1    0    0
56548    0    1    0    2   36   32    0    5    0    0    6   13   23    7    0    0   44    0   36    0   14    7   27   31   35   16   23    0   17   14   43    4    0    0    1    0   41    0   11    0    0    6   43    4    2    1    2    1    0
56533    2   29    5   12   72   73   15   30    2    0   14   20   67   30    3    3   64    0   78    0   56   49   61   90   54   38   16    1   63   25  107   14    1    2   10    0   76    1    9    1    1   15   46   29   18   15   18    0   15
56641    0    9    2    7   82   49    4    5    0    0   38   18   42    9    0    0   78    0   73    0   31   27   62   65   62   30   42    4   42   45  116   14    2    0    7    0   79    0   17    0    0   20  108   13    7    2    3    4    4
56643    4   11    4    5   93   43    9    1    1   11   16    6    3    1    0    1   19    0   56    1    3    2   84    7    5    1    2    3   15   33   23   10    0    8    0    0   20    0   25    0    0   10   29    0   15    3    2    5    2
56645    0    0    3    4   49   21    0    0    0    7    2    0    4    0    0    0   27    0   46    0    5    6   66    9   14    4    2    3   11   15   25    9    0    1    0    0   12    1   24    0    0    5   21    0    3    2    1    0    3
56646    0    0    2   13   29    7    0    0    0   10    1    1    1    0    0    0    8    0   26    0    1    5   47    3    8    0    1    3    4    8    9    4    0    0    0    0    4    3   21    0    0    1    8    0    1    8    0    0    0
56654    0    0    2    9   20    2    0    0    0    9    0    0    0    0    0    0    6    0   24    0    0    7   40    0    3    0    1    0    2   10    2    2    0    0    0    0    4    3   10    0    0    0    3    0    0   11    0    1    0
56649    1    0    4    4   43   10    0    0    0   21    1    1    2    5    0    0   11    0   19    0    1    3   54    1    3    0    1    5   10   13   10    1    0    0    0    0    6    0   14    0    0    3   11    0    4    2    0    1    1
56742    3    4    3    3   63   22    2    0    0   15    3    1    3    1    0    0   13    0   37    1    3    1   59    5    2    1    1    3   18   31   19    7    0    1    0    0   12    1    9    0    0    3   19    0    5    3    0    2    0
56746   16    1    8    4   93   32   12    0    0   36    1    2    2    1    0    1   11    0   69    0    6    7   56    5    2    2    2    4   21   45    9   12    0    2    1    9   18    0    9    0    0    2   12    0   15   16    0    4    0
56745   16    7    6    3   69   26    7    0    0   31    1    3    2    0    0    0    9    0   47    2    5    9   54    4    2    2    3    2   20   11    6   16    0    3    0    3   16    0    7    0    0    1   16    0   17   16    5    3    0
56751   17    5    5   18  116   38    7    0    0   40    1    3    1    3    0    0   19    0   30    0    6   10   69    8   10    4    3    1   29   37   21   12    0    3    0    3   46    0    9    0    1    1   41    2   15    8    2    1    4
56752    4    1    2    8   37    1    1    0    0   27    0    2    0    0    1    0    1    0   11    0    0    2   40    0    1    0    0    3    6    5    0    6    0    1    0    1    3    0    1    0    0    0    0    0    8    1    0    0    0
56756   13    8    6    9   42   10   15    0    6   55    3    3    5    2    3    0   17    0   19    6   20   16   50    3    1    5    7    2   22   17    4    5    0    2    0    9   17    0    6    0    0    2   22    1   16    7    3    3    0
56755   16    4    7    4   49    8    3    0    3   62    2    8    2    3    7    0   26    0   25    8   11    3   59    1    0    5    8    0   24   22    2    4    2    4    0   12   11    0   10    0    2    5   19    2   15    6    3    2    0
56757   19    9    5    7   68   14    3    0    2   59    8    4    5    4    3    0   25    0   43    6   11    4   53    1    0   10    7    3   33   22    4    6    2    4    0   15   24    0    4    0    0    5   27    2   22    6    3    5    0
56851   33   10    9    4   51   17    2    0    5   50    6   14    2    2    3    0   29    0   34   10   11   11   69    3    4    5   19    1   35   13    1    0    1    3    0   11   27    2    3    0    0   17   37    4   22   13    0    9    0
56669    5    2    2   14   20    6   13    0    8   36    0    2    1    0    2    0    9    0   22   10   10   10   57    0    1    1   12    1    5    5    0    6    2   10    0    4    2   13   14    0    0    1    1    1   17    3    0    0    0
56761   15    5    2   15   28    2   10    0    4   40    2    3    1    0    5    0    5    0   18   18    7   16   37    1    0    2    8    3   10   10    6    2    0    4    0    8   24    0   10    0    0    0    9    1   15   10    2    2    0
56763    5    0    0   18   13    0   11    0    1   42    0    2    0    0    9    0    4    0    8    6    3   17   38    0    0    1    6    0   14    3    0    0    6    7    0   10    2    1    6    0    0    1   12    2   14    7    0    5    0
56764   11    3    4   16   35    5   18    0    4   44    2    3    3    2   15    0   10    0    9    4   12   13   39    0    0    4   11    3   21   11    1    4    1    8    0    9   11    1   11    0    0    3   13    2   10   14    2    3    0
56767   15    2   10   22   26    9    2    0    6   54    3   10    2    0    2    1    9    0   15   14   18   26   41    1    1    4   14    2   25   14    1    0    2   13    0    8   15    3   10    1    0    5   38    3   35   13    0    8    0
56766   10    4    4   18   29    5    2    0    5   57    4    8    0    0    4    1    8    0    9   16   10   27   48    1    0    3   13    1   16   10    1    0    2   10    0   15   10    4   12    1    0    2   19    5   24    8    0   10    0
56774   24    0    1   12   46    7    5    0    9   49    2    5    2    0    1    2    6    0   25   14   15   21   47    1    1    7   14    4   41    8    1    0    4   22    0   29    5   13   17    5    0    6   30    8   16   16    0   17    0
56768   16    4    8   19   35    7    1    0    2   65    3    6    1    1    2    1   11    1   13   15   12   16   26    7    1    3   19    1   33    8    1    0    4   25    0    7   22    1    7    0    0    7   21   15   24   23    0    7    0
56777   18    1    9   14   49    7    3    0    4   58    5    3    4    2    0    1   15    0   28   15   13   15   41    0   11    5   27    1   44    2    1    0    3   26    0   10   13    5    9    0    0    5   23    2   15   30    0   17    0
56862   36    3    3   26   56   11   18    0    8   83    9    7    1    0    1    2   20    0   19   18   25   16   48    7    6   16   18    2   35   13    6    0   10   53    5    4    9   10    6    1    1    3   27    6   26   35    0    9    3
56856   34    1    7    5   68   21   23    0    8   69   19    8    2    0    5    1   31    0   46    4   29   18   82   12    4   17   15    0   39   18    4    6    3   44    1   15   21    2   12    0    1    4   34   10   23   17    0   15    3
56867   59    4    9   31  146   19    9    1    9   94   21    6    0    0   14    0   17    1   20   12   49    9   84   17    5   11    9    1   36    9    8    3    8   68    0    6   21   10    1    5    3   17   29    1   31   17    0   17    0
56952   53    1    7   19  146   32    8    0    5  107   23   10    1    3   12    3   52    1   22   14   44   14   89   24    7   14    4    5   32   23   12    8    4   55    0    4   25    9    4    8    1   16   14    7   33   11    0    4    0
56962   87    0    6   56  108   23   10    0    9  181   55    1    0    2    6   10   34    0   16   25   34   33   93    4   11   14    5    3   15    8   11   17    6   89    6    6   28   11   12   11    0   56    3    0   33   13    0   11    0
56961   51    0    6   56   85   21   19    0    9  175   41    1    0   10    6    1   43    1   18   32   63   30   99    8    4   22    6    1   14   13   26   23   23  104    1   31   30   15    6    0    2   32    2    3   36    3    0    8    0
56964   28    0   15   31   89   18   19    1   13  194   27    1    1    3   12    4   27    3   16   33   56   11   73    3    3   12    6    0   11    8   34   34    5  117    0   12   43   19    3   13    5   40    2    3   42    4    0   20    0
56977  126    0   22   53  128   14   74    0   18  255   42    6    0    3   33   18   33    8   14   40   57   21   80   30   14   46   19    0    2    8   75   27   33  150   17   37   87   35   14   12   16   85   11    6  109    5    1   17    8
56948   86    0   23    7  152   80   17    0   14  188   56   17    4    0   14    4   76    3   55   33  107   11   70   16    9   40    8    0   57   19   51   19    5   83    2   35   34    4   16    1    6   23    0    0   59    7    0   20    0
56954   58    1   23   20  112   41   12    0   11  127   43    6    0    1   18   18   48    0   25   25   50    5   65   10    2   26    7    3   33    4   50   21    8   81    0   29   28   11    3    1    3   58    0    0   60    3    0   24    0
56949   34    0   19   22   76   36   18    0    6  143   43   14    2    5    5   10   29    0   29   36   20   12   42    2    1   18   16    0   27    3   42   28    2   69    0   36   24    5    9    0   15   24    0    0   63    4    0   12    0
56959   22    5   11   23   78    8   31    5   12  184   20   15    1    8   16    7   31    3   19   28   12   22   41   10    1   30    3    2    6    3   31   55    2   82    4   44   22   25    7    2    7   23    0    0   78    1    0    6   15
56958   28    0   12   20   74   19   34    1   11  231   36    7    0    1   27    4   46   20   27   27   15    5   39    2    0   36    0    0    4    4   34   35    5  126    0   37   40   10    1    3   19   34    0    0   72    0    0    3    8
56969   50    1    9   45   68    3   43    1    1  122   27   60    0    2   45   10   61    2    2   39    8    8   49   12    0   43    1    0    0   23   40   50   13  131    2   83    2   30   30   28    1   14    3    0   45    1    0    4   25
56846   52    9   19    2   93   45   22    0    5   57   10   11    4    0    6    0   28    1   81    3   33   17   99    5    7   19   21    1   38   38   10    1    0   11    0   11   50    0    4    0    3   24   70    1   31   20    2   15    0
56854   44    4   22    4   68   30   18    0    5   48   10   14    2    0    1    0   17    3   46    1   17   18   53    1    2   11   24    1   27   29    5    1    3   17    0    9   36    0    7    0    0    6   29    0   29   13    0    8    6
56951   30    2   12    4  122   32    8    0    9   54   17    7    2    0    4    0   19    0   38    3   29    3   51    0    2   10    5    4   41    4   10    2    2   24    0    4   21    1    4    0    0   10   24    9   23   15    0   13    0
56849   43    2   18    4  124   36    9    0    0   67   20   18    4    0    0    0   11    4   86    1   21    9   68    2    3   41   10    0   24   18    7    3    2   21    0    4   57    0    3    0    0    7   24    5   33   11    0   16    0
56839   42   10   20    8  157   39   12    0    3   57   21   10    7    1    1    2   14    8  108    1   13   17   91    1    5   36   19    2   19   22    6    5    0   21    0    4   55    0    4    1    1   15   41    7   49    9    0   17    0
56946   41    3   23    8  164   38    7    0    3   62   22   15    4    1    3    2   16    0   57    4   27    2   63    4    7   15   13    4   21    6   17    4    1   24    0    2   26    0    4    0    0    8   35   22   31   15    0   11    1
56944   55   10   21   21  204   53   12    5    8   87   37   36    7    0    1    2   19    0   66   19   63    6   82   20    2   39   10    0   33   25   31   10    5   29    3   12   15    2   19    3    3   12   10   11   51   31    0   22    0
56950   43    1    8    5  158   29    8    0    3   71   15   13    2    1    7    0   18    0   31    1   35    3   58    2    2   22    8    0   24   13   23    4    7   32    3    5   15    3    6    5    0    9   19    7   32   12    0    9    0
56739   26    1    7   14  137   43    4    0    0   32   34    6    7    0    1    0   20    2   99    0   15   12   89   11   12   13   17    3   33   17   23    7    0    4    0   14   32    0   15    0    0   15   41    3   37    5    3    1    0
56748   19    1   10    5  104   26    4    0    0   46   10    2    3    2    0    0   20    1   75    1    8    9   61   10    3   11    8    3   25   51   11   10    0    4    0    9   36    1    5    0    0    6   23    4   23    9    1    1    0
56842   28    9   21    4   86   16    7    0    2   53   13    7    8    0    1    0   25    0   83    3   11   12   66    6    8   15   11    1   17   29    8    6    2    8    0   11   28    0    3    0    0   12   41    2   25    8    1    1    0
56843   29    7   21    2   88   33    6    0    3   55    7    2    6    2    1    0   30    0   89    5   13   12   74    5   13   12   34    1   31   31    6    4    0    5    0   18   29    1    1    0    0    8   40    1   36   36    0    1    0
56841   44   11   15    4  146   38    8    0    0   55   24    5   22    1    1    0   25    1  127    1   13   18   94    2   12   14   27    2   29   44   12    3    1   12    0   15   52    0   12    0    0   25   81    2   40   19    4    9    1
56836   33    2    4   11  118   30    2    0    0   13   14    1    7    0    0    0   15    0  100    0   12   10   93    5   11   10   18    1   11    9    8    8    0    3    0    1   34    0    7    0    0   11   42    3   30    9    1    0    2
56840   30    2    6    8  137   33    1    0    0   30   14    3    9    0    1    0   24    1   98    0   11   11   80    4   13    5   20    4   32   21   14   10    0   14    0    9   32    0    9    0    0   11   33    2   33    8    3    0    0
56844   30    7    9    2   91   25    5    0    0   36   11    1    6    1    0    0   13    0  132    0    5    7   60    0    9   10   21    1   10   17    6   11    0    6    0    2   38    0    4    0    0   16   29    5   24    5    1    7    0
56835   29   11    7    1   98   23    6    0    2   29   15    2   15    0    0    0   14    0  133    0    5    4   76    0   24    7    8    1   15   17   12    3    0   13    0   10   29    0   13    0    0   18   16    7   26    5    0    3    0
56838   26    7   10    3  109   34    3    1    1   33   11    0    2    3    1    3    5    1  156    1    2    2   49    0    1    4   12    1    8   19    6    4    0    6    0    0   47    0   10    0    0   12   16    1   18    5    0    4    0
