  1257.   887.   884.  1038.  1198.  1302.   867.  1058.   845.  1029.
  1191.   976.  1237.  1144.   913.  1191.   813.   986.   987.   901.
  1111.   776.  1238.   754.  1059.  1387.   659.   759.   793.   979.
  1073.   663.   761.  1262.  1027.   865.  1318.  1194.  1449.   888.
  1172.   952.   833.  1100.   976.   987.   932.   983.   567.   866.
   659.
  1027.   680.   658.   802.  1139.  1153.   910.   892.   712.   984.
   762.   633.   939.  1041.   676.   927.   650.   904.   966.   821.
   925.   730.  1105.   665.   806.   992.   897.   642.   754.   918.
   940.   649.   855.  1159.   881.   782.  1042.   993.  1143.   889.
   940.   860.   695.  1021.   794.   927.   917.   775.   558.   652.
   531.
  1080.   845.   787.   990.  1115.   963.   859.  1160.   694.   887.
  1115.   819.   891.   887.   655.   931.   779.   849.   806.   761.
   928.   784.  1123.   880.   887.  1118.   732.   705.   878.   972.
   865.   623.   881.  1077.   984.   765.  1192.  1042.  1138.   826.
  1085.   816.   771.   954.   917.   877.   921.   980.   819.   767.
   562.
  1152.   736.   725.   876.   830.  1073.  1000.  1051.   624.  1170.
  1055.   859.   913.   904.   770.   914.   937.  1094.   856.   787.
   951.   737.  1137.   670.   985.   996.   803.   545.   844.  1005.
   884.   690.   779.  1144.   933.   849.  1061.   887.  1023.   938.
  1043.   813.   897.  1049.   767.   887.   893.   886.   608.   701.
   565.
  1146.   712.   749.   926.  1009.  1002.   704.   893.   796.   835.
   918.   789.   923.   771.   598.   951.   609.   727.   819.   823.
   718.   642.   938.   601.   923.   982.   509.   600.   740.   791.
   724.   547.   660.  1039.  1143.   887.   947.   808.  1034.   785.
   927.  1077.   649.   874.   668.   769.   767.   851.   553.   853.
   473.
  1276.   935.   762.   811.  1140.   983.   778.  1369.   685.   945.
  1071.   867.  1112.  1045.   878.  1014.   807.   898.  1074.   737.
   860.   836.  1074.   807.   885.  1163.   529.   737.   671.   939.
   893.   704.   789.  1146.   908.   815.  1136.   855.   909.   827.
   849.  1040.   724.   875.   954.   817.   886.   810.   533.   857.
   430.
  1152.   740.   729.  1021.  1073.   942.   848.  1265.   708.  1247.
   916.  1050.   969.   998.   744.  1000.   720.   961.  1053.   942.
   934.   799.  1046.   908.  1045.  1355.   753.   827.   824.   915.
   884.   667.   908.  1363.  1036.   868.  1017.  1031.  1012.   900.
   932.   970.   893.   947.   924.   915.   955.  1134.   570.   857.
   550.
  1176.   897.   874.   888.  1388.  1211.   965.  1405.   974.   920.
  1183.   749.  1025.  1366.   810.  1003.   768.   941.  1224.   788.
  1037.   851.  1135.   865.   981.  1200.   885.   900.   750.   977.
  1092.   746.   873.  1312.  1126.   885.  1116.  1107.  1260.   878.
  1175.  1104.   935.  1072.  1182.   806.  1167.  1147.   672.   983.
   554.
   930.   891.   750.   985.  1125.  1493.   816.  1439.   714.   879.
   980.   741.  1167.  1200.   736.   978.   908.   896.   865.  1042.
   828.   830.  1064.   804.  1041.   917.   889.   887.   725.  1140.
  1238.   658.  1020.  1010.   793.  1161.  1065.  1312.  1155.   947.
  1089.   972.   767.   974.   914.   972.  1150.  1027.   624.   713.
   676.
  1356.   946.   926.  1254.  1539.  1413.  1056.  1234.  1056.  1146.
  1448.  1208.  1338.  1274.   953.  1256.  1047.  1257.  1306.   985.
  1184.   920.  1592.  1197.  1064.  1508.   759.   887.  1121.  1113.
  1136.   860.  1034.  1335.  1136.  1150.  1339.  1427.  1509.  1171.
  1369.  1038.   933.  1376.  1063.   982.  1153.  1066.   681.   982.
   644.
  1252.  1034.   807.   988.   895.   822.  1123.  1096.   851.   990.
  1000.   856.  1231.   810.  1021.   957.   949.   789.  1046.   772.
   714.   847.   859.  1043.  1055.   882.   845.  1006.   889.  1015.
   883.   838.   678.   829.   895.  1029.   812.   784.  1044.   793.
   975.   764.   903.   791.  1073.  1000.  1048.   989.   718.   733.
   614.
   733.   506.   531.   705.   691.   660.   669.   898.   597.   702.
   648.   528.   839.   684.   628.   595.   613.   702.   722.   519.
   529.   699.   737.   729.   719.   631.   585.   598.   603.   872.
   772.   629.   465.   766.   664.   692.   704.   805.   628.   816.
   752.   682.   603.   545.   682.   921.   755.   825.   583.   572.
   458.
  1555.   958.  1041.  1295.  1117.  1397.  1135.  1388.  1063.  1434.
  1088.   782.  1578.  1150.  1201.  1048.  1126.  1484.  1515.   911.
  1067.  1124.   950.  1100.  1130.  1038.   783.  1491.   945.  1176.
  1177.   882.   962.  1019.  1335.   985.  1043.  1200.  1053.  1138.
  1198.  1101.   984.   997.  1284.  1155.  1161.  1205.   970.  1129.
   720.
  1210.   885.   943.  1035.   980.   967.   971.  1225.  1009.  1329.
   928.  1262.  1107.  1183.  1127.   866.  1162.   928.  1177.  1121.
  1011.  1027.  1322.  1047.  1087.  1126.   981.  1168.  1012.  1016.
   995.   968.   758.   880.  1135.   845.  1109.  1084.  1210.  1047.
  1049.   971.   848.   978.   994.  1223.  1101.  1173.  1046.   932.
   752.
  1115.   687.   835.   858.   871.   803.   911.  1329.   810.   894.
   956.   963.  1122.   957.   915.   878.   853.   832.   977.   795.
   945.   880.  1428.   949.   929.   907.   869.   857.   781.   823.
   789.   747.   745.   904.   821.   758.   980.  1174.   864.   903.
   918.   822.   742.  1046.   821.   834.   892.  1173.   591.   820.
   701.
  1213.   767.   995.   877.   940.  1036.  1137.  1254.   956.  1032.
  1005.   696.  1197.  1005.  1086.   814.   944.  1176.   885.   889.
   879.   867.   980.  1182.  1003.   982.   819.   974.   900.  1299.
   937.   811.   895.   921.   985.   991.   914.  1155.  1072.  1280.
   944.   868.   947.  1083.  1005.   903.  1035.  1260.   780.   907.
   633.
   983.   723.   597.   722.   946.   899.   797.   912.   694.   825.
   776.   660.   732.   866.   974.   482.   802.   809.   666.   671.
  1009.   549.   960.   884.   768.   755.   563.   686.   704.   930.
   662.   744.   582.   749.   706.   630.   693.  1060.   842.   729.
   695.   580.   603.   614.   708.   766.   694.   886.   537.   841.
   517.
   724.   659.   644.   694.   894.   825.   781.   806.   684.   771.
   710.   604.   818.   679.   590.   769.   861.   757.   753.   700.
   813.   604.   889.   765.   739.   852.   578.   643.   464.   766.
   610.   569.   781.   724.   732.   564.   685.   702.   822.   611.
   618.   648.   556.   623.   475.   668.   654.   865.   553.   673.
   318.
   889.   769.   779.   821.  1241.   875.   963.  1132.   878.  1017.
   885.   786.   991.   977.   685.   940.  1065.   923.   877.   751.
   968.   911.  1170.   861.   906.   810.   603.   790.   641.   825.
  1017.   773.   796.   865.  1085.   746.   992.  1006.   866.   701.
   855.   848.   779.   715.   560.   863.   852.  1030.   859.   893.
   453.
   696.   685.   746.   759.  1077.   839.   775.  1041.   722.  1025.
   816.   514.   762.   904.   587.   871.   913.   782.   692.   872.
   831.   865.   930.   702.   828.   934.   745.   789.   742.   886.
   996.   676.   966.   817.  1014.   748.   940.   832.   980.   776.
   709.   671.   766.   769.   723.   898.   772.  1101.   764.   994.
   782.
   794.   559.   452.   702.   840.   682.   814.   820.   680.   673.
   605.   683.   753.   846.   570.   740.   781.   619.   687.   669.
   757.   745.   761.   629.   683.   780.   854.   593.   562.   926.
   973.   529.   640.   761.   969.   895.   973.   649.   943.   730.
   741.   717.   614.   672.   669.   570.   808.   841.   429.   837.
   607.
  1037.   729.   712.   810.  1045.   799.   834.  1132.   644.   823.
   755.   733.   845.   821.   572.   685.   844.   795.   807.   745.
   753.   652.   876.   802.   754.   833.   724.   661.   515.   795.
   878.   766.   647.   939.   914.   849.  1035.   882.   828.   859.
   945.   853.   572.   669.   671.   756.   956.   978.   627.   750.
   586.
  1244.   830.   813.  1175.  1305.   770.  1205.  1132.   731.  1050.
   949.   948.   948.  1202.   818.   895.   991.   828.  1091.   808.
   920.  1089.  1161.   813.  1056.   995.  1076.   916.   658.   978.
   906.   676.  1011.  1036.  1197.   892.  1153.   978.  1102.  1178.
  1073.   892.   766.  1025.   847.   806.  1062.  1265.   855.   853.
   610.
  1314.  1072.   904.  1199.  1353.   983.  1226.  1307.   802.   827.
   974.   919.   899.  1283.   845.  1145.  1047.   849.  1090.  1117.
   951.   975.  1004.   788.  1081.  1240.   782.   911.   877.  1104.
  1139.   619.   952.  1141.  1031.   766.  1224.   802.  1158.   887.
  1141.   927.   831.   768.   945.   914.   907.   967.   758.   850.
   428.
  1217.   911.   844.  1184.  1128.  1196.   946.  1295.   869.   980.
  1085.   992.   996.  1328.   911.  1059.   948.   969.  1065.   916.
   917.   955.  1088.   936.   913.  1192.   935.   733.   890.  1202.
  1352.   713.   870.  1201.  1250.  1049.  1065.   947.  1275.   894.
  1203.  1022.   960.  1026.  1238.   937.   949.  1187.   828.   968.
   822.
  1353.  1098.   885.  1042.  1166.  1044.   899.  1294.   701.   930.
  1031.  1029.   940.  1357.   963.  1135.   776.   960.   971.   907.
   981.   764.   957.   916.  1197.  1209.   838.   780.   908.   885.
  1210.   658.   887.  1211.  1117.   779.  1201.  1064.  1324.   856.
  1093.  1023.   860.  1007.  1078.   894.   952.  1027.   638.  1087.
   417.
  1562.   984.   847.  1272.  1420.   926.  1169.  1085.   938.   983.
  1133.   994.   928.  1042.   891.  1354.  1031.   978.  1270.  1100.
  1268.  1056.  1212.  1141.  1198.  1234.   863.   793.   749.  1078.
  1014.   816.  1328.  1359.  1249.   860.  1349.  1122.  1115.   995.
  1098.  1024.  1191.  1036.   964.  1006.  1058.  1012.   784.   980.
   633.
  1831.  1596.  1444.  1903.  1876.  1873.  1854.  1905.  1390.  2015.
  2214.  1742.  1790.  2031.  1629.  1935.  1422.  1494.  1789.  2142.
  1590.  1521.  2037.  1891.  1954.  2066.  1393.  1313.  1228.  1486.
  1590.  1238.  1572.  1924.  1998.  1584.  1604.  1664.  1362.  1821.
  1664.  1526.  1352.  1304.  1803.  1464.  1658.  1581.  1040.  1661.
  1026.
  1696.  1141.   974.  1254.  1423.  1201.  1198.  1499.  1017.  1299.
  1326.  1356.  1201.  1814.  1010.  1437.   940.  1106.  1277.  1110.
  1232.  1085.  1212.   989.  1494.  1586.  1198.  1184.   875.  1093.
  1293.   943.  1014.  1544.  1380.   916.  1184.  1003.  1306.  1051.
  1296.  1209.   945.  1025.  1243.  1152.  1221.   953.   630.  1185.
   635.
  1203.   936.   778.  1028.  1055.  1016.   995.  1281.   718.  1014.
  1250.   902.  1065.  1334.   839.  1145.   714.   851.  1154.   902.
   905.   740.   956.  1030.  1050.  1153.   746.   826.   727.   967.
   950.   580.   749.  1162.   809.   712.  1083.  1103.   984.   883.
   882.  1110.   843.   774.   734.   956.   948.  1032.   652.   896.
   431.
  1416.   894.  1007.  1059.  1216.  1211.  1343.  1431.  1018.  1363.
  1321.  1406.  1320.  1109.  1145.  1024.  1040.  1340.  1310.   933.
  1248.  1159.  1223.  1046.  1163.  1422.  1117.  1051.  1002.  1180.
  1219.   943.  1183.  1199.  1317.  1119.  1468.   941.  1303.  1005.
  1094.  1236.  1030.  1096.  1048.  1275.  1295.  1341.   733.   859.
   782.
  1198.   868.  1094.   960.   916.   842.  1193.  1282.  1030.  1176.
  1211.   903.  1127.  1155.  1043.  1104.  1231.  1383.  1007.   831.
   900.  1058.  1225.  1193.   936.  1099.   770.   985.   805.  1025.
   794.   909.  1095.  1244.   946.   913.  1202.   987.  1045.  1154.
  1155.  1229.  1000.   818.   791.   871.   959.  1067.   763.   921.
   714.
  1227.  1117.  1252.  1025.  1155.   898.  1219.  1624.  1131.  1493.
  1283.   941.  1359.  1182.  1126.  1224.   977.  1506.  1134.  1061.
  1137.  1357.  1078.  1321.  1281.  1145.  1027.   954.   900.  1258.
  1091.   851.  1180.  1580.   983.  1274.  1352.  1079.  1052.  1010.
  1460.  1232.   922.   929.   962.   867.   848.  1249.   763.   987.
   967.
  1190.   814.   877.  1000.   986.   934.  1065.   855.  1119.  1056.
  1188.  1148.  1025.   889.  1063.   881.   787.  1160.  1120.   672.
  1139.  1014.  1271.   822.  1052.  1234.  1093.  1111.   837.   926.
   966.   789.  1256.  1090.   855.   954.  1165.   987.   949.   816.
  1127.  1092.   820.   918.   854.   918.  1000.  1130.   706.   833.
   726.
  1534.  1108.  1220.  1232.  1279.  1127.  1225.  1473.  1248.  1302.
  1611.  1227.  1541.  1361.  1294.  1079.  1092.  1546.  1505.  1128.
  1412.  1227.  1220.  1045.  1387.  1509.  1294.  1144.  1304.  1436.
  1083.   980.  1429.  1336.  1098.  1486.  1380.  1227.  1193.  1009.
  1291.  1412.  1122.  1345.  1406.  1227.  1133.  1491.   976.   974.
   927.
  1173.   942.   987.   866.   911.   872.   897.   956.  1031.  1080.
  1394.  1092.  1127.  1012.  1054.   875.   816.  1100.  1085.   787.
  1117.  1065.   959.   984.   912.  1050.   861.   883.  1125.  1007.
  1075.   902.   863.  1238.   867.  1134.  1153.   911.   970.   762.
  1064.  1021.   837.  1033.  1080.   778.   992.  1141.   685.   784.
   911.
  1721.  1177.  1303.  1425.  1201.  1226.  1068.  1552.  1053.  1386.
  1685.  1470.  1539.  1090.  1480.  1102.  1166.  1773.  1394.  1028.
  1674.  1374.  1233.  1310.  1278.  1648.  1491.  1078.  1355.  1529.
  1386.  1224.  1363.  1261.  1218.  1448.  1344.  1211.  1264.  1129.
  1484.  1376.  1140.  1303.  1286.  1058.  1079.  1406.   734.   922.
  1217.
  1283.   907.   973.  1091.   964.   998.  1013.  1170.  1094.  1153.
  1366.   951.  1108.   934.  1155.   959.   898.  1187.  1235.   853.
  1401.  1126.  1136.  1061.  1190.  1279.  1117.   763.  1222.  1155.
   903.   957.   941.  1009.   988.  1223.  1085.  1136.   984.   939.
  1170.  1207.   941.   939.  1037.   967.   926.  1306.   877.   796.
   987.
  1327.   771.   724.   912.  1259.   958.   992.  1065.   845.  1072.
  1252.  1112.  1141.   896.   834.   925.   842.   951.  1152.   995.
  1139.   874.  1021.   758.  1017.  1212.   622.   724.   883.   936.
  1010.   589.   870.   994.  1054.   749.  1113.   811.  1038.  1062.
   967.   921.   905.   955.  1078.   862.   980.   877.   620.   772.
   557.
  1362.   821.   773.  1053.  1114.   886.   968.  1021.   781.  1082.
  1159.  1012.   852.  1184.   728.  1019.   822.   924.  1062.   931.
   982.   920.  1074.   768.  1021.  1105.   728.   945.   760.  1033.
   803.   636.   890.   844.   876.   838.  1177.   815.  1003.   839.
  1005.   784.   694.   865.  1023.   921.   846.   762.   586.   834.
   524.
  1033.   782.   753.   899.   897.   983.   912.  1091.   747.  1161.
  1068.  1015.   983.   825.   960.  1142.   966.   942.   626.   614.
  1034.   889.  1011.   677.  1144.  1081.   813.   648.   776.  1057.
   822.   723.  1065.  1046.   952.   829.   972.   886.  1146.   995.
  1163.   991.   807.   927.   911.   829.  1100.   989.   652.   790.
   690.
   892.   564.   596.   850.   877.   814.   678.  1162.   735.  1016.
   933.   856.   903.   744.   793.   883.   831.   867.   524.   474.
   840.   877.   902.   475.   868.   926.   726.   713.   662.   858.
   651.   640.   725.   927.   737.   748.   927.   617.  1097.   780.
  1163.   797.   677.   918.   778.   776.   971.   894.   548.   582.
   654.
  1062.   528.   597.   927.   904.   884.   696.  1114.   727.   874.
   900.   748.   924.   892.   767.   852.   874.   859.   732.   518.
   843.   870.   802.   656.   813.   941.   792.   762.   771.   827.
   742.   551.   827.   978.   880.   751.   767.   713.   805.   686.
   809.   788.   778.   662.   621.   606.   888.   956.   586.   646.
   559.
  1059.   873.  1012.  1148.  1138.  1020.   857.  1504.   867.  1431.
  1414.  1183.  1118.  1065.  1024.  1058.  1112.  1303.   867.   775.
  1349.  1229.  1132.  1026.  1321.  1317.  1004.   948.   929.  1118.
  1086.   950.   991.  1320.   962.  1384.  1110.   949.  1340.  1085.
  1189.  1044.   918.  1064.  1059.   941.  1184.  1309.   830.   867.
   774.
   907.   681.   737.   862.   932.   785.   746.   839.   665.  1191.
  1007.   921.   854.   788.  1044.   910.   685.   974.   663.   511.
   955.   988.  1009.   684.   822.  1157.   690.   723.   672.   966.
   786.   682.   702.  1099.   851.  1107.   843.   822.   987.   891.
   922.   898.   796.   854.   746.   724.   899.  1099.   673.   616.
   651.
  1023.   675.   770.   905.  1079.   973.  1033.   935.   539.  1036.
  1075.   947.   909.   693.   905.  1038.   869.   884.   541.   512.
  1025.   861.   952.   642.   919.   800.   684.   662.   619.   968.
   677.   792.   706.   945.   757.   917.   908.   699.  1119.   876.
  1030.   846.   838.   845.   835.   863.  1048.   946.   544.   692.
   675.
  1667.  1204.  1280.  1395.  1497.  1503.  1429.  1527.   893.  1855.
  1582.  1534.  1480.  1273.  1353.  1556.  1283.  1489.  1065.  1031.
  1715.  1512.  1568.  1125.  1601.  1395.  1264.  1259.  1320.  1578.
  1420.  1330.  1039.  1596.  1619.  1571.  1151.   828.  1189.   747.
  1000.   971.   763.   856.   918.   779.  1051.  1043.   652.   604.
   700.
  2236.  1670.  1602.  2260.  2372.  2118.  1797.  2324.  1618.  2270.
  2516.  2086.  1875.  1992.  2292.  2268.  1829.  1819.  1862.  1528.
  2558.  1992.  1961.  1756.  2111.  1870.  1942.  2258.  1793.  2081.
  2290.  1604.  1734.  2065.  2010.  2280.  2211.  1808.  2509.  1917.
  2220.  1925.  2130.  1794.  2137.  1827.  2412.  2142.  1718.  2235.
  1641.
  2308.  1912.  2448.  2355.  2174.  2248.  2053.  2326.  2171.  2649.
  2960.  2401.  2208.  2110.  2057.  2518.  2239.  1975.  2124.  1720.
  2626.  2334.  2297.  2206.  2289.  2788.  2225.  2329.  2010.  2726.
  2297.  1963.  2172.  2284.  2603.  2571.  2481.  2352.  2653.  2436.
  2478.  2838.  2082.  2192.  2295.  2013.  2352.  2401.  2072.  2412.
  2011.
  1882.  1299.  1886.  1718.  1502.  1472.  1345.  1739.  1659.  1995.
  2262.  1438.  1592.  1290.  1872.  1420.  1487.  1675.  1413.  1396.
  1853.  1830.  1614.  1615.  1642.  1929.  1628.  1693.  1695.  1763.
  1631.  1631.  1354.  1616.  1712.  1911.  1481.  1554.  1814.  1364.
  1877.  1838.  1613.  1502.  1618.  1240.  1421.  1739.  1344.  1514.
  1601.
  1851.  1527.  2102.  1590.  1616.  2173.  1639.  1691.  1338.  1830.
  2643.  1765.  2205.  1321.  1779.  1569.  1368.  2409.  1539.  1334.
  2099.  1702.  1919.  1588.  1871.  1698.  1583.  1574.  1731.  2377.
  1357.  1395.  1450.  1922.  1860.  1991.  1797.  1405.  1461.  2259.
  2009.  1923.  1866.  1916.  2078.  1472.  1577.  2019.  1575.  1632.
  1631.
   873.   627.   610.   948.   814.  1057.   817.   996.   682.   881.
   882.   751.   911.   881.   755.   939.   761.   886.   575.   535.
   935.   792.   990.   564.   967.   830.   748.   577.   720.  1122.
   921.   602.   808.   886.   980.   797.  1016.   785.  1153.   857.
  1096.   963.   810.   899.   761.   758.   918.   925.   565.   576.
   536.
  1061.   807.   879.  1036.   889.  1094.   751.  1075.   651.  1105.
  1136.  1055.   892.   773.   816.   994.   919.   892.   724.   684.
   927.   850.  1129.   807.   880.  1003.   896.   849.   800.   979.
  1001.   702.   877.   871.   959.   881.  1084.   876.  1413.   895.
  1087.   933.   958.   884.   817.   803.   881.   968.   630.   640.
   601.
  1185.   837.   871.  1094.  1075.  1070.   891.  1146.   792.   999.
  1089.  1070.   989.   917.   731.   988.   711.   838.  1128.   818.
  1067.   838.  1110.   764.  1022.  1215.   635.   778.   817.  1126.
   845.   691.   697.  1289.  1029.   944.  1228.   772.  1067.   992.
  1068.   974.   825.   994.  1067.   807.   826.   759.   693.   866.
   735.
  1080.   656.   771.   860.   837.   965.   868.  1223.   592.  1064.
  1109.  1096.  1025.   799.   752.   905.   780.  1021.   697.   694.
  1076.   764.  1047.   698.  1032.   992.   748.   687.   707.   896.
   877.   673.   782.  1143.   842.   834.   883.   749.  1040.   847.
   997.   984.   772.   897.   748.   697.   907.   756.   720.   690.
   497.
  1090.   697.   716.   950.   919.  1028.  1002.  1060.   650.  1005.
  1142.  1040.   956.   915.   950.   883.   987.  1053.   624.   715.
   934.   790.  1016.   791.  1069.  1166.   784.   719.   715.  1025.
   933.   758.   877.  1011.   865.   801.   920.  1005.  1134.   868.
  1066.   918.   899.   907.   831.   839.   867.   931.   842.   680.
   605.
  1030.   720.   610.   892.   786.   976.   837.  1158.   738.   938.
  1023.   980.   911.   837.   770.   941.   947.   886.   618.   784.
   887.   796.  1208.   845.   950.  1019.   740.   729.   815.   908.
   911.   755.   812.  1169.   842.   940.   987.   806.  1062.  1079.
   990.  1123.   848.  1083.   770.   819.   837.   941.   592.   736.
   585.
  1020.   885.   703.  1040.   998.  1208.   849.  1131.   808.  1120.
  1216.  1207.  1062.   842.   898.  1031.   902.   876.   509.   634.
  1013.   690.  1139.   734.  1082.  1014.   851.   754.   820.   965.
  1025.   862.   937.  1041.  1075.   904.  1082.   859.  1150.   960.
   986.   931.   898.  1124.   731.   928.   951.   917.   610.   759.
   710.
  1016.   751.   746.   822.  1108.  1362.  1066.  1156.   724.  1059.
  1264.  1056.   939.   934.   922.  1020.   854.   921.   614.   668.
   871.   947.  1107.   866.  1107.  1147.   975.   742.   717.  1023.
   921.   770.   919.  1077.   848.   975.  1059.   668.  1153.   926.
  1245.  1105.   979.   961.   932.  1005.   991.   966.   737.   832.
   649.
   995.   543.   671.   812.   837.   925.   807.  1212.   570.   832.
   887.   920.   960.   578.   969.   869.   751.   891.   567.   517.
   801.   771.   860.   701.   943.   729.   723.   697.   537.   924.
  1044.   699.   678.   704.   850.   919.   917.   597.  1160.   751.
   904.   975.   686.   697.   737.   885.  1015.   866.   679.   707.
   703.
   853.  1006.  1212.   955.  1096.  1099.   844.  1058.   793.   903.
  1032.   846.   940.   944.   976.   760.   775.  1175.   976.   995.
   905.   863.   649.   867.   924.   998.  1090.   824.  1138.  1133.
  1084.   790.  1103.   844.   994.  1062.   802.  1217.  1285.  1064.
  1131.  1166.   899.  1120.   830.   859.  1054.   919.   822.   992.
   809.
   735.   945.  1015.  1001.  1116.  1047.   692.   929.   982.   743.
   894.   783.   996.  1225.   768.   766.   885.  1063.   904.   980.
  1001.   939.   796.   780.  1023.  1064.   836.  1026.   866.   957.
   927.   790.   784.   912.   866.  1089.   757.  1308.   982.  1037.
  1061.  1161.   922.   807.  1027.   725.   964.   912.   812.   973.
   673.
  1002.  1089.  1159.   890.  1006.  1173.   644.  1077.   799.   955.
   972.   797.   980.   872.   963.   837.   873.  1147.  1037.   833.
   855.   859.   797.  1024.   917.   894.   859.   661.   959.  1134.
  1051.   724.   957.   866.  1139.  1016.   909.  1163.  1051.  1106.
  1130.   990.   831.  1143.   940.   827.  1134.   895.   865.   832.
   629.
  1169.  1122.  1036.  1105.  1350.  1345.   745.  1227.   817.   976.
  1128.   786.  1141.  1285.   804.   851.  1046.  1401.   968.  1014.
  1162.   915.  1139.  1152.  1295.  1527.  1060.   967.   886.  1079.
  1091.   954.   851.  1135.  1062.   911.  1007.  1368.  1297.  1275.
  1422.  1189.   969.  1052.  1211.  1005.  1076.  1016.   788.   794.
   739.
   731.   730.   647.   650.   625.   780.   572.   632.   467.   774.
   517.   535.   774.   692.   655.   488.   775.   708.   603.   669.
   444.   430.   375.   739.   539.   551.   492.   753.   745.   643.
   575.   575.   494.   628.   748.   707.   733.   728.   709.   833.
   549.   912.   507.   688.   470.   692.   838.   656.   522.   938.
   463.
   652.   725.   549.   592.   540.   798.   509.   601.   468.   717.
   578.   703.   733.   596.   583.   509.   681.   666.   544.   698.
   542.   483.   492.   766.   655.   658.   503.   649.   746.   663.
   651.   816.   651.   689.   657.   598.   697.   715.   688.   820.
   671.   855.   483.   585.   533.   512.   778.   684.   606.   707.
   483.
  1137.  1057.   877.   988.   826.  1138.   868.   871.   720.  1021.
   855.   853.  1258.   895.   878.  1013.   955.   877.   888.   954.
   923.   796.   953.  1131.  1166.   926.   727.  1032.  1023.   993.
   987.  1138.   948.  1039.  1037.   919.   912.   963.   791.  1156.
  1014.  1244.   911.   981.   986.   734.   831.   894.   729.  1270.
   889.
  1837.  1614.  1484.  1592.  1607.  1696.  1434.  1462.  1393.  2061.
  1226.  1707.  1804.  1794.  1497.  1696.  2099.  1613.  1729.  2077.
  1685.  1789.  1848.  1939.  1753.  1671.  1591.  2379.  1920.  1753.
  1857.  2042.  1991.  1670.  1974.  1744.  1693.  1765.  1323.  2020.
  1332.  1839.  1486.  1945.  1785.  1461.  1762.  1696.  1374.  2340.
  1331.
  1810.  1376.  1339.  1270.  1377.  1535.  1136.  1263.  1064.  1507.
  1013.  1117.  1633.  1288.  1414.  1677.  1649.  1215.  1824.  1544.
  1216.  1351.  1834.  1282.  1506.  1451.  1359.  1465.  1590.  1912.
  1639.  1760.  1416.  1421.  1655.  1661.  1564.  1516.   919.  1533.
  1249.  1609.  1363.  1749.  1647.  1209.  1373.  1109.   860.  1918.
  1260.
  1016.  1012.  1158.   835.  1124.  1174.   872.   905.   768.   989.
   981.   747.  1047.   940.   913.   923.   745.  1058.  1244.  1000.
   719.   923.  1234.   948.  1278.   873.   953.  1075.  1156.   956.
  1126.  1001.  1029.   788.  1093.   923.  1007.   930.   887.  1122.
   851.   903.   762.  1284.   849.   707.  1111.  1072.   623.  1147.
   761.
  1006.  1154.  1329.  1055.  1153.  1221.   870.  1023.   988.   958.
   949.   712.  1193.   943.   878.   856.   878.  1176.  1224.   924.
   872.   965.   969.   920.  1079.   873.   829.   935.  1091.  1082.
  1219.  1035.  1028.   803.   926.   857.   834.   977.  1006.  1185.
   968.  1001.   957.  1173.  1015.   720.   957.  1150.   856.  1188.
   860.
   825.   827.   769.   782.   767.   927.   690.   758.   835.   836.
   716.   637.   850.   797.   715.   656.   697.   850.   899.   664.
   619.   481.   691.   705.   855.   695.   774.   630.   726.   986.
   833.   786.   776.   600.   764.   748.   701.   795.   796.   957.
   655.   849.   730.   756.   618.   679.   796.  1019.   652.   823.
   602.
  1056.  1264.  1007.  1089.  1173.  1176.   685.  1011.  1041.   983.
   872.   780.  1052.   944.   903.   786.   726.  1172.  1019.   948.
   934.   724.   810.   871.  1058.   908.   976.   827.   971.  1074.
  1064.   982.  1009.  1058.  1083.  1080.   850.  1041.  1300.  1181.
  1014.   968.   900.  1148.  1026.   747.  1198.  1060.   925.  1143.
   849.
   925.   962.   662.   712.   802.  1139.   945.   802.   759.   818.
   727.   611.   849.   705.   742.   670.   536.   957.   718.   788.
   631.   476.   745.   602.   778.   714.   616.   586.   690.   787.
   953.   725.   750.   734.   867.   694.   603.   639.   842.   859.
   799.   784.   572.   790.   573.   548.   726.   997.   577.   780.
   486.
  1058.  1041.   943.   814.   867.  1122.   793.   764.   769.   931.
   996.   650.  1137.   791.   742.   788.   572.   827.   773.   701.
   561.   611.   802.   777.   948.   834.   570.   677.   798.   934.
   928.   789.   927.   708.   761.   814.   937.   721.   846.   889.
   935.   938.   531.   945.   702.   596.   727.   932.   550.   737.
   515.
  1029.   956.  1066.   998.  1073.  1224.  1037.   888.  1079.  1114.
  1091.   759.  1341.   837.   803.  1069.   761.  1208.   883.   935.
   680.   692.   941.   885.  1138.   940.   830.   705.   870.  1092.
  1083.  1024.   944.   813.  1024.   987.   918.   955.  1035.  1284.
  1417.  1199.   595.  1166.   921.   787.  1022.  1089.   679.   855.
   681.
  1330.  1191.  1066.   995.  1260.  1377.  1099.   966.   985.   987.
  1145.   874.  1318.  1120.   835.  1033.   723.  1189.  1093.  1030.
   706.   895.  1086.   998.  1178.  1033.   806.   752.   947.   997.
  1241.  1103.  1072.   995.  1196.  1122.   883.  1091.  1283.  1031.
  1235.   948.  1041.  1095.   996.   806.  1315.  1101.   898.  1026.
  1036.
  1231.  1231.   813.   880.  1165.  1342.  1189.  1113.  1052.  1412.
   948.   937.  1328.  1008.   951.  1040.   841.  1150.  1314.  1043.
   744.   712.  1095.  1113.  1080.  1322.   910.   777.  1019.  1143.
  1254.   904.  1071.   980.  1229.  1020.   980.  1126.  1242.  1293.
  1236.  1273.   980.  1081.   963.   692.  1166.  1364.  1049.   871.
   754.
   739.   497.   552.   595.   599.   782.   484.   621.   603.   761.
   559.   606.   717.   666.   603.   435.   407.   636.   486.   488.
   446.   307.   798.   466.   549.   624.   573.   406.   487.   573.
   607.   508.   559.   582.   608.   615.   474.   678.   648.   587.
   753.   731.   485.   589.   605.   477.   629.   688.   464.   416.
   394.
  1014.   808.   589.   825.   956.   976.  1004.   840.   796.   836.
   831.   654.   923.   796.   625.   776.   687.   953.   841.   651.
   707.   559.   790.   619.   943.  1132.   789.   507.   711.   798.
   904.   845.   714.   877.  1042.   842.   668.   761.  1074.   930.
  1137.  1014.   753.   785.   813.   730.   938.   945.   652.   706.
   500.
   979.   620.   607.   649.   642.   888.   858.   747.   695.   813.
   758.   773.   953.   834.   618.   695.   566.   820.   943.   493.
   739.   456.   864.   691.   903.  1106.   657.   514.   816.   770.
   989.   720.   820.   847.   948.   650.   650.   679.  1012.   893.
  1057.   945.   680.   673.   825.   566.   880.   877.   572.   867.
   571.
  1069.   790.   763.   789.   725.   938.   914.   908.   700.   826.
   705.   649.  1088.   750.   668.   844.   568.   867.   865.   714.
   601.   597.   979.   663.   923.  1038.   726.   541.   684.   997.
   914.   847.   906.   938.   845.   696.   705.   856.  1046.   873.
  1084.   923.   742.   772.   734.   723.   764.  1009.   583.   755.
   542.
   959.   681.   614.   621.   737.   854.   800.   681.   680.   706.
   760.   607.   923.   725.   619.   810.   574.   806.   731.   559.
   594.   666.   854.   510.   881.  1024.   634.   462.   640.   771.
   788.   687.   723.   936.   738.   756.   756.   601.   990.   959.
  1061.   941.   640.   693.   771.   599.  1016.   823.   557.   762.
   516.
   979.   759.   572.   850.  1149.  1061.   615.  1076.   669.   815.
   774.   953.   882.  1050.   565.   755.   730.   807.   706.  1055.
   763.   865.   879.   627.   995.  1016.   765.   718.   792.   979.
  1254.   644.   791.   918.   943.   871.   938.  1186.   951.   905.
  1198.   908.   737.   900.  1068.   840.   813.   990.   636.   655.
   525.
  1076.   669.   606.   853.   965.   911.   753.   849.   766.   774.
   671.   824.   944.   913.   550.   714.   706.   946.   830.   600.
   847.   638.   933.   658.   934.   962.   871.   520.   644.   957.
   829.   740.   785.   880.   968.   850.   737.  1054.   979.   907.
  1023.   933.   610.   735.   905.   708.   839.  1006.   476.   684.
   560.
   635.   505.   596.   638.   689.   908.   481.   704.   600.   834.
   539.   576.   744.   741.   508.   603.   548.   614.   596.   689.
   582.   645.   768.   525.   779.   721.   583.   473.   479.   691.
   643.   519.   631.   700.   699.   717.   764.   892.   633.   684.
   917.   800.   494.   700.   628.   580.   685.   669.   597.   541.
   508.
   956.   630.   669.   839.   898.   913.   923.   852.   671.   878.
   675.   776.   960.   862.   810.   729.   604.   843.   748.   575.
   791.   752.   794.   593.   768.   852.   786.   565.   589.   827.
   847.   678.   625.   703.   939.   681.   888.  1014.   988.  1031.
   962.   902.   737.   691.   777.   646.   820.   999.   616.   596.
   528.
  1109.   732.   724.   819.   804.  1098.   927.   990.   681.   824.
  1033.   756.   855.   906.   778.   933.   617.   908.   737.   593.
   788.   768.   960.   663.   942.   878.   731.   501.   624.  1019.
  1084.   793.   714.   877.   936.   817.   927.   794.   880.  1034.
  1198.  1031.   763.   806.   907.   876.   696.   989.   520.   790.
   676.
   946.   726.   788.   911.   708.  1155.   798.  1089.   737.   858.
   812.   803.   912.  1115.   873.   684.   688.   905.   852.   613.
   913.   886.   918.   673.  1015.  1032.   818.   689.   612.  1045.
  1022.   806.   686.   855.  1027.   830.   993.  1337.   968.  1138.
  1048.  1137.   715.   804.   801.   601.   808.  1030.   662.   635.
   661.
  1102.   906.   783.   998.  1208.  1522.   913.  1321.   767.   905.
   968.   775.  1091.  1263.   823.   972.   929.   940.   938.  1033.
   971.   942.   992.   778.   998.  1001.   959.   934.   784.  1126.
  1133.   679.  1005.  1065.   861.  1091.  1047.  1462.  1020.   904.
  1050.  1070.   785.   991.   862.   993.  1107.  1006.   715.   712.
   706.
  1006.   699.   619.   892.   787.   949.   748.   961.   824.   845.
   744.   858.   824.  1088.   943.   883.   694.   904.   735.   487.
   659.   679.   955.   738.  1067.  1088.   860.   621.   575.  1173.
  1002.   780.   674.   931.  1177.   804.   957.   796.  1140.  1064.
  1344.  1214.   802.   820.   781.   790.   820.  1101.   621.   700.
   722.
  1015.   803.   655.   932.  1056.  1436.   839.  1046.   697.  1074.
  1023.   850.  1121.  1026.   726.   950.   697.   900.   761.   755.
  1106.   869.  1049.   648.   918.   828.   710.   802.   880.  1097.
  1064.   686.   815.  1052.  1262.   955.   993.   966.  1040.   930.
   983.  1003.   723.  1124.   869.   944.  1076.  1294.   691.   759.
   643.
  1053.   801.   837.   915.   800.  1016.   913.  1119.   805.  1006.
  1081.   979.   965.   981.   988.  1055.   898.   863.   684.   698.
   952.   732.  1089.   657.   959.  1314.   852.   633.   762.  1123.
  1023.   858.   832.  1114.  1066.   933.  1107.   768.  1269.  1078.
  1265.  1236.   856.   847.   942.  1052.  1169.  1019.   597.   744.
   612.
  1257.  1110.  1235.   944.  1070.  1265.  1237.  1002.   982.  1095.
  1189.   982.  1319.  1094.  1163.  1057.   793.  1039.   992.  1019.
  1289.  1109.  1380.  1023.  1214.  1093.  1059.   809.   999.  1217.
  1413.   926.  1108.  1256.  1167.  1272.  1222.   896.  1591.  1270.
  1413.  1124.   783.  1121.  1179.  1091.  1505.  1254.   909.   949.
   969.
  1698.  1466.  1178.  1089.  1442.  1534.  1172.  1425.  1090.  1215.
  1419.  1229.  1500.  1393.  1032.  1371.  1015.  1080.  1116.  1113.
  1355.  1083.  1532.  1079.  1304.  1345.   943.   977.  1128.  1306.
  1545.  1010.  1236.  1251.  1144.  1294.  1276.  1214.  1500.  1343.
  1404.  1404.  1121.  1258.  1254.  1257.  1518.  1274.   980.  1318.
  1271.
  1498.  1150.  1176.  1263.  1209.  1595.  1215.  1569.  1059.  1159.
  1310.  1248.  1338.  1398.  1032.  1393.  1049.  1055.  1024.  1168.
  1574.  1189.  1716.  1272.  1413.  1503.  1190.   944.  1300.  1371.
  1410.  1034.  1403.  1409.  1367.  1150.  1306.  1221.  1744.  1310.
  1488.  1556.  1179.  1324.  1191.  1332.  1290.  1223.  1058.  1140.
  1094.
  1434.  1332.  1043.  1193.  1248.  1654.  1588.  1624.   989.  1449.
  1788.  1413.  1478.  1019.  1312.  1544.  1258.  1435.  1111.   974.
  1487.  1382.  1324.  1231.  1505.  1342.  1436.   936.  1042.  1477.
  1481.   991.  1192.  1461.  1176.  1231.  1523.  1186.  1701.  1163.
  1292.  1593.  1143.  1198.  1068.  1310.  1460.  1336.  1228.  1293.
  1232.
  1732.  1015.  1397.  1328.  1394.  1458.  1376.  1706.  1126.  1491.
  1514.  1508.  1496.  1208.  1256.  1629.  1342.  1159.  1242.  1323.
  1710.  1154.  1604.  1460.  1645.  1617.  1475.  1114.  1330.  1662.
  1872.  1309.  1348.  1807.  1444.  1385.  1240.  1189.  1881.  1550.
  2060.  1626.  1031.  1341.  1429.  1522.  1441.  1573.  1306.  1380.
  1669.
  1615.  1293.  1420.  1438.  1563.  1630.  1625.  1810.  1193.  1791.
  1875.  1504.  1721.  1152.  1513.  1631.  1563.  1135.  1303.  1203.
  1825.  1506.  1595.  1795.  1625.  1557.  1310.  1119.  1380.  1564.
  1739.  1213.  1430.  1722.  1451.  1412.  1550.  1425.  1695.  1423.
  1947.  1474.  1081.  1303.  1342.  1405.  1431.  1565.  1517.  1238.
  1327.
  2311.  2177.  2086.  2529.  2237.  2445.  2045.  2436.  2151.  2394.
  2169.  2560.  2269.  2377.  2134.  2506.  2037.  1789.  1815.  2176.
  2627.  2319.  2353.  2122.  2527.  2175.  2017.  2061.  1751.  2333.
  2492.  1742.  2229.  2871.  2222.  2197.  2124.  2297.  2748.  2166.
  2523.  2439.  2362.  2209.  2018.  2173.  2210.  2102.  1917.  2223.
  2226.
  2572.  2434.  2568.  2932.  3067.  3096.  2526.  3290.  2458.  3074.
  3195.  2658.  2619.  2915.  2987.  3052.  2617.  2041.  2493.  2352.
  3110.  2570.  3280.  2998.  2824.  2734.  2836.  2544.  2543.  2558.
  3467.  2234.  2850.  2535.  2909.  2927.  2361.  3145.  2906.  1941.
  1922.  1930.  1584.  1895.  1962.  1752.  1718.  1983.  1815.  1745.
  1696.
  1687.  1412.  1658.  1548.  1852.  1788.  1531.  2019.  1430.  1638.
  2085.  1616.  1755.  1634.  1394.  1640.  1491.  1349.  1523.  1307.
  1770.  1605.  2053.  1698.  1722.  1373.  1674.  1365.  1514.  1605.
  1741.  1182.  1517.  1578.  1462.  1519.  1420.  1338.  1753.  1635.
  1680.  1502.  1551.  1556.  1894.  1598.  1738.  1772.  1483.  1309.
  1508.
  1470.  1168.  1251.  1348.  1429.  1605.  1279.  1535.  1098.  1494.
  1698.  1371.  1391.  1220.  1084.  1569.  1352.  1282.  1108.  1421.
  1529.  1183.  1785.  1331.  1599.  1170.  1215.  1323.  1358.  1395.
  1542.  1339.  1495.  1413.  1555.  1411.  1200.  1264.  1383.  1370.
  1662.  1317.  1013.  1396.  1191.  1267.  1142.  1561.  1345.  1144.
  1218.
  1159.   986.  1253.  1265.  1283.  1293.  1429.  1107.  1137.  1435.
  1516.  1213.  1363.   976.   947.  1082.  1133.  1288.   932.  1128.
  1359.   983.  1141.  1199.  1288.  1114.   990.   927.  1007.   941.
  1212.   981.   979.  1159.  1162.  1097.  1086.  1232.  1001.   994.
  1668.  1304.   923.  1347.  1272.  1180.  1098.  1432.  1037.  1000.
  1004.
  1356.   987.  1306.  1532.  1284.  1465.  1487.  1268.  1523.  1627.
  1472.  1242.  1435.  1235.  1291.  1336.  1367.  1410.  1089.  1061.
  1537.  1270.  1312.  1462.  1586.  1232.  1133.  1034.  1176.  1193.
  1655.  1163.  1233.  1576.  1247.  1373.  1080.  1388.  1288.  1580.
  1734.  1320.   984.  1323.  1295.  1324.  1420.  1423.  1110.  1123.
  1265.
  1564.  1235.  1685.  1629.  1613.  1460.  1230.  1480.  1316.  1581.
  1889.  1549.  1508.  1281.  1371.  1712.  1457.  1937.  1436.  1409.
  1801.  1642.  1639.  1325.  1672.  1500.  1206.  1303.  1279.  1763.
  1705.  1232.  1173.  1699.  1465.  1525.  1411.  1271.  1496.  1981.
  1584.  2274.  1226.  1081.  1455.  1747.  1419.  1876.  1225.  1421.
  1538.
  1479.  1136.  1125.  1062.  1590.  1789.  1198.  1481.  1075.  1411.
  1356.  1272.  1682.  1306.  1125.  1451.  1179.  1174.  1300.  1178.
  1240.  1214.  1766.  1133.  1478.  1601.  1300.  1020.  1210.  1551.
  1574.  1410.  1614.  1372.  1551.  1260.  1490.  1235.  1554.  1827.
  1416.  1582.   938.  1352.  1232.  1156.  1452.  1277.   986.  1222.
  1160.
  1099.   804.   988.   873.   996.  1092.   813.   893.   905.   939.
  1021.   819.  1189.   736.   832.  1157.   817.   720.   826.   819.
   847.   886.  1197.   678.   929.  1127.   839.   573.   770.  1022.
  1008.   949.   917.   880.   965.   932.   937.   765.  1009.  1035.
  1046.  1024.   752.  1098.   687.   876.  1282.   863.   621.   950.
   731.
  1231.  1063.  1169.  1027.  1292.  1506.   997.  1342.  1003.  1374.
  1300.  1057.  1369.  1134.  1096.  1221.  1113.  1036.  1036.  1210.
  1304.  1170.  1358.  1068.  1224.  1196.  1172.   913.   981.  1177.
  1196.  1038.  1200.   997.  1210.  1187.  1251.  1033.  1286.  1373.
  1368.  1056.   741.  1193.  1000.  1336.  1323.  1015.   919.  1189.
  1094.
  1274.  1413.  1200.  1340.  1311.  1390.  1147.  1377.  1148.  1476.
  1395.  1138.  1547.  1288.  1123.  1540.  1359.  1057.  1168.  1220.
  1287.  1250.  1710.  1123.  1423.  1221.  1194.   969.  1031.  1385.
  1226.  1204.  1273.   989.  1523.  1249.  1422.  1129.  1470.  1213.
  1639.  1129.   941.  1563.  1083.  1327.  1348.  1356.   923.  1227.
  1122.
  1652.  1465.  1614.  1483.  1681.  1683.  1401.  1739.  1405.  1501.
  1703.  1301.  1868.  1773.  1532.  1753.  1825.  1539.  1625.  1537.
  1413.  1443.  1793.  1544.  1786.  1610.  1579.  1394.  1161.  1749.
  1777.  1371.  1660.  1316.  1745.  1788.  1646.  1872.  1928.  1872.
  2023.  1379.  1431.  2051.  1270.  1351.  1833.  1634.  1473.  1704.
  1744.
  1375.  1189.  1309.  1052.  1396.  1701.  1209.  1500.  1151.  1180.
  1412.  1247.  1427.  1507.  1128.  1248.  1464.  1275.  1184.  1254.
  1435.  1305.  1516.  1355.  1503.  1223.  1478.  1209.  1316.  1425.
  1621.  1082.  1206.  1124.  1347.  1474.  1356.  1154.  1512.  1378.
  1757.  1047.   954.  1391.   916.  1405.  1431.  1334.   994.  1240.
  1318.
  1611.  1861.  1546.  1710.  2054.  1911.  1301.  2019.  1575.  1795.
  1899.  1713.  2129.  1835.  1345.  1721.  1846.  1591.  1744.  1567.
  2257.  1704.  2146.  1863.  1752.  1773.  1882.  1580.  1451.  2010.
  1821.  1638.  1966.  1661.  1928.  1493.  1660.  1527.  1999.  1771.
  2165.  1427.  1034.  1759.  1395.  1896.  1552.  1790.  1661.  1871.
  1764.
   959.  1017.   800.  1020.  1189.  1114.   895.   994.   903.  1057.
  1189.  1024.  1210.   954.   879.  1333.   900.   949.   976.   932.
  1069.   882.  1309.   933.  1053.   961.  1047.   872.   997.  1005.
  1039.   938.   951.   915.   910.   950.  1302.   750.  1131.  1171.
  1321.  1051.   756.   968.   762.   949.  1104.   947.   873.   947.
  1107.
  1490.  1440.  1511.  1265.  1403.  1503.  1336.  1358.  1118.  1406.
  1392.  1127.  1766.  1866.  1597.  1424.  1570.  1409.  1470.  1409.
  1323.  1355.  1873.  1752.  1667.  1351.  1496.  1674.  1596.  1404.
  1766.  1407.  1657.  1292.  1790.  1414.  1434.  1241.  1797.  1512.
  1740.  1390.  1349.  1867.  1400.  1175.  1785.  1429.  1184.  1863.
  1187.
   979.   965.   826.   730.  1242.   951.   942.   949.   896.  1161.
  1052.   792.  1291.   769.   939.  1132.   869.   980.  1032.   980.
   829.   962.  1140.   987.  1058.   936.   844.   765.  1116.   918.
   967.  1032.  1041.   858.  1100.   990.  1043.   832.  1130.  1283.
  1369.  1011.   730.  1224.   840.   916.  1037.   967.   664.  1198.
   814.
  1079.   880.   964.   947.  1127.   876.   777.   834.   653.   980.
   822.   746.  1154.   903.   978.  1185.  1124.   980.  1085.   851.
  1021.   859.  1224.   792.  1164.   926.   947.   692.   901.  1112.
  1071.  1021.  1152.   984.  1255.   956.  1142.   776.  1075.  1155.
  1179.   903.   772.  1366.   858.   889.  1122.  1038.   720.  1015.
   883.
  1379.  1139.  1243.  1224.  1347.  1616.  1125.  1208.  1089.  1247.
  1138.   961.  1600.  1316.  1188.  1522.  1092.  1256.  1298.  1219.
  1059.   997.  1262.  1149.  1495.  1337.  1160.  1020.  1149.  1173.
  1361.  1231.  1606.  1053.  1506.  1099.  1192.  1164.  1449.  1477.
  1379.  1296.   899.  1468.   800.  1297.  1265.  1245.  1016.  1268.
  1071.
  2185.  2057.  2134.  1951.  2448.  2233.  2209.  2082.  1571.  2183.
  2090.  1661.  2348.  2186.  1904.  2067.  2178.  2045.  2239.  1905.
  2251.  1804.  2271.  2109.  2567.  2036.  2076.  2170.  1911.  2322.
  2261.  1927.  2412.  1828.  2597.  2214.  2107.  1875.  2372.  2394.
  2159.  1779.  1840.  2562.  1796.  1587.  2213.  2039.  1624.  2288.
  1925.
  1305.  1227.  1464.  1648.  1492.  1604.  1551.  1335.  1506.  1405.
  1318.  1163.  1921.  1670.  1261.  1343.  1774.  1276.  1334.  1486.
  1300.  1631.  1954.  1759.  1676.  1652.  1547.  1817.  1201.  1756.
  1803.  1186.  1612.  1217.  1805.  1410.  1786.  1720.  1814.  1399.
  1712.  1231.  1208.  1732.  1281.  1056.  1712.  1524.  1200.  1682.
  1040.
  1456.  1205.  1394.  1332.  1351.  1344.  1255.  1308.  1019.  1338.
  1326.  1096.  1823.  1867.  1375.  1402.  1415.  1228.  1237.  1349.
  1161.  1495.  1677.  1409.  1570.  1240.  1538.  1747.  1319.  1287.
  1533.  1315.  1749.  1141.  1582.  1305.  1489.  1370.  1507.  1479.
  1614.  1361.  1123.  1759.  1170.  1047.  1667.  1313.  1003.  1522.
  1101.
  1713.  1696.  1763.  1823.  1855.  1617.  1488.  1681.  1460.  1556.
  1644.  1395.  1957.  1909.  1433.  1726.  1731.  1616.  1849.  1384.
  1715.  1671.  1911.  1453.  1628.  1428.  1530.  1413.  1412.  1600.
  1928.  1309.  1660.  1311.  1945.  1757.  1719.  1429.  2214.  1991.
  2296.  1419.  1296.  2135.  1406.  1178.  1724.  1587.  1331.  1774.
  1577.
  1417.  1364.  1475.  1462.  1478.  1531.  1287.  1443.  1516.  1555.
  1660.  1229.  2148.  2003.  1457.  1686.  1883.  1619.  1581.  1636.
  1670.  1579.  2198.  2051.  1834.  1675.  1556.  1821.  1355.  1723.
  2174.  1501.  1575.  1465.  2021.  1535.  1638.  1828.  1794.  1390.
  1686.  1211.  1080.  1508.  1292.  1288.  1485.  1740.  1211.  1669.
  1367.
  1374.  1193.  1537.  1326.  1335.  1434.  1527.  1532.  1415.  1288.
  1125.  1101.  1768.  1578.  1076.  1618.  1632.  1342.  1531.  1237.
  1533.  1453.  1969.  1447.  1298.  1427.  1240.  1221.  1363.  1620.
  1461.  1279.  1284.  1528.  1654.  1489.  1695.  1792.  1596.  1275.
  1727.  1218.  1000.  1619.  1196.  1354.  1403.  1566.  1282.  1525.
  1309.
